10000	2.8756	0.01	0.018024	1	1	0.8	1	0.3	2.5	15	1	0.3	2.5	15	1	0.3	2.5	15	1	0.3	2.5	15	0	1	0.3	2.5	15	1	0.3	2.5	15	1	0.3	2.5	15	1	0.3	2.5	15	0	0.2	0.2	0.2	0.2	0.2	0.2	0.2	0.2	0.2	0.2	0.2	0.2	0.2	0.2	0.2	0.2	0.2
10000	3	0.014489	0.02	1	1	0.52292	1	0.3	2.5	15	1	0.3	2.5	15	1	0.3	2.5	15	1	0.3	2.5	15	0	1	0.3	2.5	15	1	0.3	2.5	15	1	0.3	2.5	15	1	0.3	2.5	15	0	0.2	0.2	0.2	0.2	0.2	0.2	0.2	0.2	0.2	0.2	0.2	0.2	0.2	0.2	0.2	0.2	0.2
10000	3	0.01	0.03	1	1	0.4	1	0.3	2.5	15	1	0.3	2.5	15	1	0.3	2.5	15	1	0.3	2.5	15	0	1	0.3	2.5	15	1	0.3	2.5	15	1	0.3	2.5	15	1	0.3	2.5	15	0	0.2	0.2	0.2	0.2	0.2	0.2	0.2	0.2	0.2	0.2	0.2	0.2	0.2	0.2	0.2	0.2	0.2
10000	2.2942	0.02	0.02	1	1	0.56112	1	0.3	2.5	15	1	0.3	2.5	15	1	0.3	2.5	15	1	0.3	2.5	15	0	0.95368	0.2861	2.3842	14.305	0.95368	0.2861	2.3842	14.305	0.95368	0.2861	2.3842	14.305	0.95368	0.2861	2.3842	14.305	0	0.16667	0.16667	0.16667	0.16667	0.16667	0.16667	0.16667	0.16667	0.16667	0.16667	0.16667	0.16667	0.16667	0.16667	0.16667	0.16667	0.16667
10000	5	0.0030854	0.01	1	1	0.8	1	0.3	2.5	15	1	0.3	2.5	15	1	0.3	2.5	15	1	0.3	2.5	15	0	1	0.3	2.5	15	1	0.3	2.5	15	1	0.3	2.5	15	1	0.3	2.5	15	0	0.2	0.2	0.2	0.2	0.2	0.2	0.2	0.2	0.2	0.2	0.2	0.2	0.2	0.2	0.2	0.2	0.2
10000	5.1639	0.0033167	0.01	1	1	0.36112	0.84999	1.3208	3.2362	20.583	0.84999	1.3208	3.2362	20.583	0.84999	1.3208	3.2362	20.583	0.84999	1.3208	3.2362	20.583	0	0.80868	1.2566	3.0789	19.583	0.80868	1.2566	3.0789	19.583	0.80868	1.2566	3.0789	19.583	0.80868	1.2566	3.0789	19.583	0	0.22222	0.22222	0.22222	0.22222	0.22222	0.22222	0.22222	0.22222	0.22222	0.22222	0.22222	0.22222	0.22222	0.22222	0.22222	0.22222	0.22222
10000	10	0.0052167	0.019109	1	1	0.29691	1.0667	1.1543	5.1852	18.333	1.0667	1.1543	5.1852	18.333	1.0667	1.1543	5.1852	18.333	1.0667	1.1543	5.1852	18.333	0	1.0667	1.1543	5.1852	18.333	1.0667	1.1543	5.1852	18.333	1.0667	1.1543	5.1852	18.333	1.0667	1.1543	5.1852	18.333	0	0.36852	0.36852	0.36852	0.36852	0.36852	0.36852	0.36852	0.36852	0.36852	0.36852	0.36852	0.36852	0.36852	0.36852	0.36852	0.36852	0.36852
10000	5.2969	0.0031423	0.012438	1	1	0.53374	0.47551	0.71211	1.869	17.884	0.47551	0.71211	1.869	17.884	0.47551	0.71211	1.869	17.884	0.47551	0.71211	1.869	17.884	0	0.78644	1.1778	3.0912	29.579	0.78644	1.1778	3.0912	29.579	0.78644	1.1778	3.0912	29.579	0.78644	1.1778	3.0912	29.579	0	0.061057	0.061057	0.061057	0.061057	0.061057	0.061057	0.061057	0.061057	0.061057	0.061057	0.061057	0.061057	0.061057	0.061057	0.061057	0.061057	0.061057
10000	7.5756	0.0059602	0.015	1	1	0.4	0.8	0.44997	3.3333	15	0.8	0.44997	3.3333	15	0.8	0.44997	3.3333	15	0.8	0.44997	3.3333	15	0	1.0297	0.57915	4.2902	19.306	1.0297	0.57915	4.2902	19.306	1.0297	0.57915	4.2902	19.306	1.0297	0.57915	4.2902	19.306	0	0.2	0.2	0.2	0.2	0.2	0.2	0.2	0.2	0.2	0.2	0.2	0.2	0.2	0.2	0.2	0.2	0.2
10000	7.3052	0.005	0.035	1	1	0.6022	1	1	2.5	9.6622	1	1	2.5	9.6622	1	1	2.5	9.6622	1	1	2.5	9.6622	0	1.2518	1.2518	3.1295	12.095	1.2518	1.2518	3.1295	12.095	1.2518	1.2518	3.1295	12.095	1.2518	1.2518	3.1295	12.095	0	0.3748	0.3748	0.3748	0.3748	0.3748	0.3748	0.3748	0.3748	0.3748	0.3748	0.3748	0.3748	0.3748	0.3748	0.3748	0.3748	0.3748
10000	3.5771	0.005	0.02	1	1	1	1	0.6	5	15	1	0.6	5	15	1	0.6	5	15	1	0.6	5	15	0	1	0.6	5	15	1	0.6	5	15	1	0.6	5	15	1	0.6	5	15	0	0.3	0.3	0.3	0.3	0.3	0.3	0.3	0.3	0.3	0.3	0.3	0.3	0.3	0.3	0.3	0.3	0.3
10000	3.0159	0.0018042	0.02	1	1	0.8	1	0.4	3.5	14.493	1	0.4	3.5	14.493	1	0.4	3.5	14.493	1	0.4	3.5	14.493	0	0.97779	0.39112	3.4223	14.171	0.97779	0.39112	3.4223	14.171	0.97779	0.39112	3.4223	14.171	0.97779	0.39112	3.4223	14.171	0	0.4	0.4	0.4	0.4	0.4	0.4	0.4	0.4	0.4	0.4	0.4	0.4	0.4	0.4	0.4	0.4	0.4
10000	2.0636	0.011884	0.01	1	1	0.85576	1.0573	0.92471	3.5	15	1.0573	0.92471	3.5	15	1.0573	0.92471	3.5	15	1.0573	0.92471	3.5	15	0	1.0573	0.92472	3.5	15	1.0573	0.92472	3.5	15	1.0573	0.92472	3.5	15	1.0573	0.92472	3.5	15	0	0.20718	0.20718	0.20718	0.20718	0.20718	0.20718	0.20718	0.20718	0.20718	0.20718	0.20718	0.20718	0.20718	0.20718	0.20718	0.20718	0.20718
10000	2.2222	0.0055	0.01	1	1	0.9291	1.1889	0.3	3.8778	30	1.1889	0.3	3.8778	30	1.1889	0.3	3.8778	30	1.1889	0.3	3.8778	30	0	1.1889	0.3	3.8778	30	1.1889	0.3	3.8778	30	1.1889	0.3	3.8778	30	1.1889	0.3	3.8778	30	0	0.31666	0.31666	0.31666	0.31666	0.31666	0.31666	0.31666	0.31666	0.31666	0.31666	0.31666	0.31666	0.31666	0.31666	0.31666	0.31666	0.31666
10000	3	0.005	0.02	1	1	0.8	1	0.3	5	15	1	0.3	5	15	1	0.3	5	15	1	0.3	5	15	0	0.96636	0.28991	4.8318	14.495	0.96636	0.28991	4.8318	14.495	0.96636	0.28991	4.8318	14.495	0.96636	0.28991	4.8318	14.495	0	0.3	0.3	0.3	0.3	0.3	0.3	0.3	0.3	0.3	0.3	0.3	0.3	0.3	0.3	0.3	0.3	0.3
10000	1.0081	0.001	0.029999	1	1	0.92789	0.99994	0.0096625	3.3334	14.999	0.99994	0.0096625	3.3334	14.999	0.99994	0.0096625	3.3334	14.999	0.99994	0.0096625	3.3334	14.999	0	0.37496	0.0036233	1.25	5.6246	0.37496	0.0036233	1.25	5.6246	0.37496	0.0036233	1.25	5.6246	0.37496	0.0036233	1.25	5.6246	0	0.29418	0.29418	0.29418	0.29418	0.29418	0.29418	0.29418	0.29418	0.29418	0.29418	0.29418	0.29418	0.29418	0.29418	0.29418	0.29418	0.29418
10000	2.9406	0.0045497	0.021111	1	1	0.8	1	0.27654	2.5	15	1	0.27654	2.5	15	1	0.27654	2.5	15	1	0.27654	2.5	15	0	0.7304	0.20199	1.826	10.956	0.7304	0.20199	1.826	10.956	0.7304	0.20199	1.826	10.956	0.7304	0.20199	1.826	10.956	0	0.29365	0.29365	0.29365	0.29365	0.29365	0.29365	0.29365	0.29365	0.29365	0.29365	0.29365	0.29365	0.29365	0.29365	0.29365	0.29365	0.29365
10000	5	0.0097325	0.035124	1	1	1.0667	1	0.3	3.5	17.515	1	0.3	3.5	17.515	1	0.3	3.5	17.515	1	0.3	3.5	17.515	0	1.2835	0.38504	4.4921	22.48	1.2835	0.38504	4.4921	22.48	1.2835	0.38504	4.4921	22.48	1.2835	0.38504	4.4921	22.48	0	0.45174	0.45174	0.45174	0.45174	0.45174	0.45174	0.45174	0.45174	0.45174	0.45174	0.45174	0.45174	0.45174	0.45174	0.45174	0.45174	0.45174
10000	4.2617	0.010318	0.14459	1	1	0.78427	0.98249	0.41137	5.0309	14.955	0.98249	0.41137	5.0309	14.955	0.98249	0.41137	5.0309	14.955	0.98249	0.41137	5.0309	14.955	0	0.99752	0.41766	5.1079	15.183	0.99752	0.41766	5.1079	15.183	0.99752	0.41766	5.1079	15.183	0.99752	0.41766	5.1079	15.183	0	0.41056	0.41056	0.41056	0.41056	0.41056	0.41056	0.41056	0.41056	0.41056	0.41056	0.41056	0.41056	0.41056	0.41056	0.41056	0.41056	0.41056
10000	5	0.001	0.02	1	1	1.0667	0.48307	0.3	3.3333	14.126	0.48307	0.3	3.3333	14.126	0.48307	0.3	3.3333	14.126	0.48307	0.3	3.3333	14.126	0	0.55921	0.34728	3.8587	16.353	0.55921	0.34728	3.8587	16.353	0.55921	0.34728	3.8587	16.353	0.55921	0.34728	3.8587	16.353	0	0.4	0.4	0.4	0.4	0.4	0.4	0.4	0.4	0.4	0.4	0.4	0.4	0.4	0.4	0.4	0.4	0.4
10000	5	0.001	0.02	1	1	0.54661	0.87594	0.50079	2.5	20	0.87594	0.50079	2.5	20	0.87594	0.50079	2.5	20	0.87594	0.50079	2.5	20	0	0.87594	0.50079	2.5	20	0.87594	0.50079	2.5	20	0.87594	0.50079	2.5	20	0.87594	0.50079	2.5	20	0	0.2	0.2	0.2	0.2	0.2	0.2	0.2	0.2	0.2	0.2	0.2	0.2	0.2	0.2	0.2	0.2	0.2
10000	5.2805	0.0036667	0.023454	1	1	0.63117	0.60734	0.82452	2.8022	13.618	0.60734	0.82452	2.8022	13.618	0.60734	0.82452	2.8022	13.618	0.60734	0.82452	2.8022	13.618	0	0.41547	0.56404	1.917	9.316	0.41547	0.56404	1.917	9.316	0.41547	0.56404	1.917	9.316	0.41547	0.56404	1.917	9.316	0	0.066667	0.066667	0.066667	0.066667	0.066667	0.066667	0.066667	0.066667	0.066667	0.066667	0.066667	0.066667	0.066667	0.066667	0.066667	0.066667	0.066667
10000	7.6785	0.0023333	0.02	1	1	0.8	0.99999	1	11.915	10	0.99999	1	11.915	10	0.99999	1	11.915	10	0.99999	1	11.915	10	0	0.625	0.625	7.4469	6.25	0.625	0.625	7.4469	6.25	0.625	0.625	7.4469	6.25	0.625	0.625	7.4469	6.25	0	0.3	0.3	0.3	0.3	0.3	0.3	0.3	0.3	0.3	0.3	0.3	0.3	0.3	0.3	0.3	0.3	0.3
10000	1.6936	0.001	0.018219	1	1	0.26379	0.575	0.4625	2.6313	13	0.575	0.4625	2.6313	13	0.575	0.4625	2.6313	13	0.575	0.4625	2.6313	13	0	0.39037	0.31399	1.7864	8.8257	0.39037	0.31399	1.7864	8.8257	0.39037	0.31399	1.7864	8.8257	0.39037	0.31399	1.7864	8.8257	0	0.071194	0.071194	0.071194	0.071194	0.071194	0.071194	0.071194	0.071194	0.071194	0.071194	0.071194	0.071194	0.071194	0.071194	0.071194	0.071194	0.071194
10000	8.0598	0.001	0.02	1	1	0.8	0.43468	0.3	5	15	0.43468	0.3	5	15	0.43468	0.3	5	15	0.43468	0.3	5	15	0	0.35031	0.24177	4.0294	12.088	0.35031	0.24177	4.0294	12.088	0.35031	0.24177	4.0294	12.088	0.35031	0.24177	4.0294	12.088	0	0.19793	0.19793	0.19793	0.19793	0.19793	0.19793	0.19793	0.19793	0.19793	0.19793	0.19793	0.19793	0.19793	0.19793	0.19793	0.19793	0.19793
10000	7	0.0014445	0.018333	1	1	0.86667	0.90786	0.3	4.8603	15	0.90786	0.3	4.8603	15	0.90786	0.3	4.8603	15	0.90786	0.3	4.8603	15	0	0.30262	0.1	1.6201	5	0.30262	0.1	1.6201	5	0.30262	0.1	1.6201	5	0.30262	0.1	1.6201	5	0	0	0	0	0	0	0	0	0	0	0	0	0	0	0	0	0	0
10000	3.1141	0.01	0.033312	1	1	0.8	1.0806	0.44444	3.2222	8.7394	1.0806	0.44444	3.2222	8.7394	1.0806	0.44444	3.2222	8.7394	1.0806	0.44444	3.2222	8.7394	0	0.51676	0.21254	1.5409	4.1793	0.51676	0.21254	1.5409	4.1793	0.51676	0.21254	1.5409	4.1793	0.51676	0.21254	1.5409	4.1793	0	0	0	0	0	0	0	0	0	0	0	0	0	0	0	0	0	0
10000	5.1727	0.001	0.01836	1	1	0.8	1	0.3	2.5	15	1	0.3	2.5	15	1	0.3	2.5	15	1	0.3	2.5	15	0	0.97381	0.29214	2.4345	14.607	0.97381	0.29214	2.4345	14.607	0.97381	0.29214	2.4345	14.607	0.97381	0.29214	2.4345	14.607	0	0	0	0	0	0	0	0	0	0	0	0	0	0	0	0	0	0
10000	5.8333	0.0017018	0.01	1	1	0.8	0.94481	0.3	2.5	15	0.94481	0.3	2.5	15	0.94481	0.3	2.5	15	0.94481	0.3	2.5	15	0	0.97342	0.30909	2.5757	15.454	0.97342	0.30909	2.5757	15.454	0.97342	0.30909	2.5757	15.454	0.97342	0.30909	2.5757	15.454	0	0.26676	0.26676	0.26676	0.26676	0.26676	0.26676	0.26676	0.26676	0.26676	0.26676	0.26676	0.26676	0.26676	0.26676	0.26676	0.26676	0.26676
10000	3.1522	0.0040107	0.02	1	1	0.8	1	0.3	3.3483	40	1	0.3	3.3483	40	1	0.3	3.3483	40	1	0.3	3.3483	40	0	1	0.3	3.3483	40	1	0.3	3.3483	40	1	0.3	3.3483	40	1	0.3	3.3483	40	0	0.012412	0.012412	0.012412	0.012412	0.012412	0.012412	0.012412	0.012412	0.012412	0.012412	0.012412	0.012412	0.012412	0.012412	0.012412	0.012412	0.012412
10000	5.1711	0.017481	0.010726	1	1	0.38268	1.4637	-0.00095086	3.3115	11.29	1.4637	-0.00095086	3.3115	11.29	1.4637	-0.00095086	3.3115	11.29	1.4637	-0.00095086	3.3115	11.29	0	2.0567	-0.0013361	4.6531	15.865	2.0567	-0.0013361	4.6531	15.865	2.0567	-0.0013361	4.6531	15.865	2.0567	-0.0013361	4.6531	15.865	0	0.38547	0.38547	0.38547	0.38547	0.38547	0.38547	0.38547	0.38547	0.38547	0.38547	0.38547	0.38547	0.38547	0.38547	0.38547	0.38547	0.38547
10000	3.7734	0.001	0.012818	1	1	0.35004	1.5	0.39009	1.6251	11	1.5	0.39009	1.6251	11	1.5	0.39009	1.6251	11	1.5	0.39009	1.6251	11	0	1.1249	0.29256	1.2188	8.25	1.1249	0.29256	1.2188	8.25	1.1249	0.29256	1.2188	8.25	1.1249	0.29256	1.2188	8.25	0	0.33332	0.33332	0.33332	0.33332	0.33332	0.33332	0.33332	0.33332	0.33332	0.33332	0.33332	0.33332	0.33332	0.33332	0.33332	0.33332	0.33332
10000	7.4254	0.011249	0.017632	1	1	0.70308	1.0265	0.35234	5.4787	15.862	1.0265	0.35234	5.4787	15.862	1.0265	0.35234	5.4787	15.862	1.0265	0.35234	5.4787	15.862	0	1.1232	0.38554	5.995	17.356	1.1232	0.38554	5.995	17.356	1.1232	0.38554	5.995	17.356	1.1232	0.38554	5.995	17.356	0	0.11769	0.11769	0.11769	0.11769	0.11769	0.11769	0.11769	0.11769	0.11769	0.11769	0.11769	0.11769	0.11769	0.11769	0.11769	0.11769	0.11769
10000	6.6892	0.0089523	0.016667	1	1	0.2278	0.51235	0.36148	3.5201	14.296	0.51235	0.36148	3.5201	14.296	0.51235	0.36148	3.5201	14.296	0.51235	0.36148	3.5201	14.296	0	1.082	0.76338	7.4337	30.191	1.082	0.76338	7.4337	30.191	1.082	0.76338	7.4337	30.191	1.082	0.76338	7.4337	30.191	0	0.35979	0.35979	0.35979	0.35979	0.35979	0.35979	0.35979	0.35979	0.35979	0.35979	0.35979	0.35979	0.35979	0.35979	0.35979	0.35979	0.35979
10000	3.0661	0.01	0.02	1	1	0.52125	1.1095	0.3	5	19.56	1.1095	0.3	5	19.56	1.1095	0.3	5	19.56	1.1095	0.3	5	19.56	0	1.1095	0.3	5	19.56	1.1095	0.3	5	19.56	1.1095	0.3	5	19.56	1.1095	0.3	5	19.56	0	0.3	0.3	0.3	0.3	0.3	0.3	0.3	0.3	0.3	0.3	0.3	0.3	0.3	0.3	0.3	0.3	0.3
10000	3.4586	0.0057664	0.028149	1	1	0.14673	-0.050762	0.55288	3.7505	16.907	-0.050762	0.55288	3.7505	16.907	-0.050762	0.55288	3.7505	16.907	-0.050762	0.55288	3.7505	16.907	0	-0.040173	0.43755	2.9682	13.38	-0.040173	0.43755	2.9682	13.38	-0.040173	0.43755	2.9682	13.38	-0.040173	0.43755	2.9682	13.38	0	0.14134	0.14134	0.14134	0.14134	0.14134	0.14134	0.14134	0.14134	0.14134	0.14134	0.14134	0.14134	0.14134	0.14134	0.14134	0.14134	0.14134
10000	7.0658	0.001	0.039001	1	1	-0.29051	0.85742	0.38918	5.0291	9.5635	0.85742	0.38918	5.0291	9.5635	0.85742	0.38918	5.0291	9.5635	0.85742	0.38918	5.0291	9.5635	0	0.7156	0.32481	4.1973	7.9817	0.7156	0.32481	4.1973	7.9817	0.7156	0.32481	4.1973	7.9817	0.7156	0.32481	4.1973	7.9817	0	0.24146	0.24146	0.24146	0.24146	0.24146	0.24146	0.24146	0.24146	0.24146	0.24146	0.24146	0.24146	0.24146	0.24146	0.24146	0.24146	0.24146
10000	1.4491	0.010838	0.01	1	1	0.27463	0.77547	0.88808	5.8273	18.861	0.77547	0.88808	5.8273	18.861	0.77547	0.88808	5.8273	18.861	0.77547	0.88808	5.8273	18.861	0	0.2249	0.25756	1.69	5.47	0.2249	0.25756	1.69	5.47	0.2249	0.25756	1.69	5.47	0.2249	0.25756	1.69	5.47	0	0.093142	0.093142	0.093142	0.093142	0.093142	0.093142	0.093142	0.093142	0.093142	0.093142	0.093142	0.093142	0.093142	0.093142	0.093142	0.093142	0.093142
10000	1.9166	0.02	0.01	1	1	0.24542	0.7288	1.2957	3.8396	15	0.7288	1.2957	3.8396	15	0.7288	1.2957	3.8396	15	0.7288	1.2957	3.8396	15	0	0.78574	1.3969	4.1396	16.172	0.78574	1.3969	4.1396	16.172	0.78574	1.3969	4.1396	16.172	0.78574	1.3969	4.1396	16.172	0	0.1692	0.1692	0.1692	0.1692	0.1692	0.1692	0.1692	0.1692	0.1692	0.1692	0.1692	0.1692	0.1692	0.1692	0.1692	0.1692	0.1692
10000	5.3438	0.0023476	0.025998	1	1	0.12363	0.49106	1.2422	5.5528	35.195	0.49106	1.2422	5.5528	35.195	0.49106	1.2422	5.5528	35.195	0.49106	1.2422	5.5528	35.195	0	0.36312	0.91858	4.1061	26.025	0.36312	0.91858	4.1061	26.025	0.36312	0.91858	4.1061	26.025	0.36312	0.91858	4.1061	26.025	0	0.13423	0.13423	0.13423	0.13423	0.13423	0.13423	0.13423	0.13423	0.13423	0.13423	0.13423	0.13423	0.13423	0.13423	0.13423	0.13423	0.13423
10000	3.4822	0.011602	0.019349	1	1	0.80277	1.0526	0.32285	2.5054	-34.975	1.0526	0.32285	2.5054	-34.975	1.0526	0.32285	2.5054	-34.975	1.0526	0.32285	2.5054	-34.975	0	0.26315	0.080712	0.62635	-8.7438	0.26315	0.080712	0.62635	-8.7438	0.26315	0.080712	0.62635	-8.7438	0.26315	0.080712	0.62635	-8.7438	0	0.19877	0.19877	0.19877	0.19877	0.19877	0.19877	0.19877	0.19877	0.19877	0.19877	0.19877	0.19877	0.19877	0.19877	0.19877	0.19877	0.19877
10000	10	0.010002	0.025928	1	1	0.35892	0.99989	1.177	2.5002	-23.892	0.99989	1.177	2.5002	-23.892	0.99989	1.177	2.5002	-23.892	0.99989	1.177	2.5002	-23.892	0	1.2538	1.4759	3.135	-29.959	1.2538	1.4759	3.135	-29.959	1.2538	1.4759	3.135	-29.959	1.2538	1.4759	3.135	-29.959	0	0.3762	0.3762	0.3762	0.3762	0.3762	0.3762	0.3762	0.3762	0.3762	0.3762	0.3762	0.3762	0.3762	0.3762	0.3762	0.3762	0.3762
10000	5	0.015	0.03	1	1	0.40324	1	1.35	2.5	15	1	1.35	2.5	15	1	1.35	2.5	15	1	1.35	2.5	15	0	0.8353	1.1277	2.0882	12.529	0.8353	1.1277	2.0882	12.529	0.8353	1.1277	2.0882	12.529	0.8353	1.1277	2.0882	12.529	0	0.3	0.3	0.3	0.3	0.3	0.3	0.3	0.3	0.3	0.3	0.3	0.3	0.3	0.3	0.3	0.3	0.3
10000	4.8855	0.0061629	0.024301	1	1	0.411	0.65954	0.28766	2.5	30	0.65954	0.28766	2.5	30	0.65954	0.28766	2.5	30	0.65954	0.28766	2.5	30	0	0.69846	0.30463	2.6475	31.77	0.69846	0.30463	2.6475	31.77	0.69846	0.30463	2.6475	31.77	0.69846	0.30463	2.6475	31.77	0	0.26693	0.26693	0.26693	0.26693	0.26693	0.26693	0.26693	0.26693	0.26693	0.26693	0.26693	0.26693	0.26693	0.26693	0.26693	0.26693	0.26693
10000	9.4444	0.0093517	0.02	1	1	0.4	1	0.5	1.5	-913.66	1	0.5	1.5	-913.66	1	0.5	1.5	-913.66	1	0.5	1.5	-913.66	0	1	0.5	1.5	-913.66	1	0.5	1.5	-913.66	1	0.5	1.5	-913.66	1	0.5	1.5	-913.66	0	0.3329	0.3329	0.3329	0.3329	0.3329	0.3329	0.3329	0.3329	0.3329	0.3329	0.3329	0.3329	0.3329	0.3329	0.3329	0.3329	0.3329
10000	8.1805	0.0072983	0.019625	1	1	0.58832	0.54204	0.38617	1.4653	14.778	0.54204	0.38617	1.4653	14.778	0.54204	0.38617	1.4653	14.778	0.54204	0.38617	1.4653	14.778	0	0.55521	0.39555	1.5009	15.137	0.55521	0.39555	1.5009	15.137	0.55521	0.39555	1.5009	15.137	0.55521	0.39555	1.5009	15.137	0	0.21077	0.21077	0.21077	0.21077	0.21077	0.21077	0.21077	0.21077	0.21077	0.21077	0.21077	0.21077	0.21077	0.21077	0.21077	0.21077	0.21077
10000	10	0.01	0.02	1	1	-0.024844	1	0.3	2.5	15	1	0.3	2.5	15	1	0.3	2.5	15	1	0.3	2.5	15	0	1.5	0.45	3.75	22.5	1.5	0.45	3.75	22.5	1.5	0.45	3.75	22.5	1.5	0.45	3.75	22.5	0	0.2	0.2	0.2	0.2	0.2	0.2	0.2	0.2	0.2	0.2	0.2	0.2	0.2	0.2	0.2	0.2	0.2
10000	6.0957	0.01	0.03	1	1	0.41699	1	0.3	2.5	15	1	0.3	2.5	15	1	0.3	2.5	15	1	0.3	2.5	15	0	1	0.3	2.5	15	1	0.3	2.5	15	1	0.3	2.5	15	1	0.3	2.5	15	0	0.1	0.1	0.1	0.1	0.1	0.1	0.1	0.1	0.1	0.1	0.1	0.1	0.1	0.1	0.1	0.1	0.1
10000	5.5538	0.001	0.019926	1	1	0.73868	0.91531	1.3866	1.9491	21.082	0.91531	1.3866	1.9491	21.082	0.91531	1.3866	1.9491	21.082	0.91531	1.3866	1.9491	21.082	0	0.87436	1.3245	1.8619	20.138	0.87436	1.3245	1.8619	20.138	0.87436	1.3245	1.8619	20.138	0.87436	1.3245	1.8619	20.138	0	0.34228	0.34228	0.34228	0.34228	0.34228	0.34228	0.34228	0.34228	0.34228	0.34228	0.34228	0.34228	0.34228	0.34228	0.34228	0.34228	0.34228
10000	4.37	0.0023333	0.019999	1	1	0.54306	0.61422	0.33606	1.4999	9.5926	0.61422	0.33606	1.4999	9.5926	0.61422	0.33606	1.4999	9.5926	0.61422	0.33606	1.4999	9.5926	0	0.61418	0.33604	1.4998	9.5921	0.61418	0.33604	1.4998	9.5921	0.61418	0.33604	1.4998	9.5921	0.61418	0.33604	1.4998	9.5921	0	0.19998	0.19998	0.19998	0.19998	0.19998	0.19998	0.19998	0.19998	0.19998	0.19998	0.19998	0.19998	0.19998	0.19998	0.19998	0.19998	0.19998
10000	5.7146	0.001	0.016549	1	1	1.3451	0.9903	0.42703	2.8202	14.929	0.9903	0.42703	2.8202	14.929	0.9903	0.42703	2.8202	14.929	0.9903	0.42703	2.8202	14.929	0	0.99792	0.43031	2.8419	15.044	0.99792	0.43031	2.8419	15.044	0.99792	0.43031	2.8419	15.044	0.99792	0.43031	2.8419	15.044	0	0.20717	0.20717	0.20717	0.20717	0.20717	0.20717	0.20717	0.20717	0.20717	0.20717	0.20717	0.20717	0.20717	0.20717	0.20717	0.20717	0.20717
10000	3.3667	0.005	0.01	1	1	0.72039	1	0.36921	3.3333	15	1	0.36921	3.3333	15	1	0.36921	3.3333	15	1	0.36921	3.3333	15	0	0.875	0.32306	2.9167	13.125	0.875	0.32306	2.9167	13.125	0.875	0.32306	2.9167	13.125	0.875	0.32306	2.9167	13.125	0	0.16255	0.16255	0.16255	0.16255	0.16255	0.16255	0.16255	0.16255	0.16255	0.16255	0.16255	0.16255	0.16255	0.16255	0.16255	0.16255	0.16255
10000	7.0225	0.0038088	0.011152	1	1	1.1982	0.55758	0.58757	3.2742	11.461	0.55758	0.58757	3.2742	11.461	0.55758	0.58757	3.2742	11.461	0.55758	0.58757	3.2742	11.461	0	0.34173	0.36011	2.0067	7.0241	0.34173	0.36011	2.0067	7.0241	0.34173	0.36011	2.0067	7.0241	0.34173	0.36011	2.0067	7.0241	0	0.1365	0.1365	0.1365	0.1365	0.1365	0.1365	0.1365	0.1365	0.1365	0.1365	0.1365	0.1365	0.1365	0.1365	0.1365	0.1365	0.1365
10000	10	0.005	0.02	1	1	1.0667	1	0.4	3.3333	15	1	0.4	3.3333	15	1	0.4	3.3333	15	1	0.4	3.3333	15	0	1	0.4	3.3333	15	1	0.4	3.3333	15	1	0.4	3.3333	15	1	0.4	3.3333	15	0	0.1	0.1	0.1	0.1	0.1	0.1	0.1	0.1	0.1	0.1	0.1	0.1	0.1	0.1	0.1	0.1	0.1
10000	3.2356	0.001	0.023513	1	1	1.0459	0.95702	0.29936	2.4958	8.7552	0.95702	0.29936	2.4958	8.7552	0.95702	0.29936	2.4958	8.7552	0.95702	0.29936	2.4958	8.7552	0	0.95904	0.29999	2.501	8.7737	0.95904	0.29999	2.501	8.7737	0.95904	0.29999	2.501	8.7737	0.95904	0.29999	2.501	8.7737	0	0.21532	0.21532	0.21532	0.21532	0.21532	0.21532	0.21532	0.21532	0.21532	0.21532	0.21532	0.21532	0.21532	0.21532	0.21532	0.21532	0.21532
10000	8.6342	0.0025489	0.071795	1	1	0.9024	0.24805	0.46346	2.8357	19.09	0.24805	0.46346	2.8357	19.09	0.24805	0.46346	2.8357	19.09	0.24805	0.46346	2.8357	19.09	0	0.18129	0.33872	2.0725	13.952	0.18129	0.33872	2.0725	13.952	0.18129	0.33872	2.0725	13.952	0.18129	0.33872	2.0725	13.952	0	0.49213	0.49213	0.49213	0.49213	0.49213	0.49213	0.49213	0.49213	0.49213	0.49213	0.49213	0.49213	0.49213	0.49213	0.49213	0.49213	0.49213
10000	6.425	0.001	0.01	1	1	0.47557	0.81885	0.6	2.5	15	0.81885	0.6	2.5	15	0.81885	0.6	2.5	15	0.81885	0.6	2.5	15	0	0.70734	0.5183	2.1596	12.957	0.70734	0.5183	2.1596	12.957	0.70734	0.5183	2.1596	12.957	0.70734	0.5183	2.1596	12.957	0	0.3	0.3	0.3	0.3	0.3	0.3	0.3	0.3	0.3	0.3	0.3	0.3	0.3	0.3	0.3	0.3	0.3
10000	7	0.0068878	0.015	1	1	0.8	0.31563	0.4	1.8575	15	0.31563	0.4	1.8575	15	0.31563	0.4	1.8575	15	0.31563	0.4	1.8575	15	0	0.31563	0.4	1.8575	15	0.31563	0.4	1.8575	15	0.31563	0.4	1.8575	15	0.31563	0.4	1.8575	15	0	0.2	0.2	0.2	0.2	0.2	0.2	0.2	0.2	0.2	0.2	0.2	0.2	0.2	0.2	0.2	0.2	0.2
10000	7.4083	0.005444	0.01	1	1	0.99972	0.27436	0.20014	2.5005	29.995	0.27436	0.20014	2.5005	29.995	0.27436	0.20014	2.5005	29.995	0.27436	0.20014	2.5005	29.995	0	0.14162	0.10331	1.2907	15.483	0.14162	0.10331	1.2907	15.483	0.14162	0.10331	1.2907	15.483	0.14162	0.10331	1.2907	15.483	0	0.16674	0.16674	0.16674	0.16674	0.16674	0.16674	0.16674	0.16674	0.16674	0.16674	0.16674	0.16674	0.16674	0.16674	0.16674	0.16674	0.16674
10000	10	0.0040595	0.027134	1	1	0.90939	0.83078	0.30909	4.9946	16.639	0.83078	0.30909	4.9946	16.639	0.83078	0.30909	4.9946	16.639	0.83078	0.30909	4.9946	16.639	0	0.36339	0.1352	2.1847	7.2783	0.36339	0.1352	2.1847	7.2783	0.36339	0.1352	2.1847	7.2783	0.36339	0.1352	2.1847	7.2783	0	0.28411	0.28411	0.28411	0.28411	0.28411	0.28411	0.28411	0.28411	0.28411	0.28411	0.28411	0.28411	0.28411	0.28411	0.28411	0.28411	0.28411
10000	3.1667	0.03794	0.02	1	1	0.64554	1	0.3	2.5	12.269	1	0.3	2.5	12.269	1	0.3	2.5	12.269	1	0.3	2.5	12.269	0	1.0867	0.32601	2.7168	13.333	1.0867	0.32601	2.7168	13.333	1.0867	0.32601	2.7168	13.333	1.0867	0.32601	2.7168	13.333	0	0.15	0.15	0.15	0.15	0.15	0.15	0.15	0.15	0.15	0.15	0.15	0.15	0.15	0.15	0.15	0.15	0.15
10000	3	0.013412	0.020388	1	1	0.55115	1	0.3	2.5	15	1	0.3	2.5	15	1	0.3	2.5	15	1	0.3	2.5	15	0	1	0.3	2.5	15	1	0.3	2.5	15	1	0.3	2.5	15	1	0.3	2.5	15	0	0.2	0.2	0.2	0.2	0.2	0.2	0.2	0.2	0.2	0.2	0.2	0.2	0.2	0.2	0.2	0.2	0.2
10000	2.481	0.0088465	0.021683	1	1	0.66693	0.95587	0.40021	2.4994	15.003	0.95587	0.40021	2.4994	15.003	0.95587	0.40021	2.4994	15.003	0.95587	0.40021	2.4994	15.003	0	0.96083	0.40229	2.5124	15.08	0.96083	0.40229	2.5124	15.08	0.96083	0.40229	2.5124	15.08	0.96083	0.40229	2.5124	15.08	0	0.22592	0.22592	0.22592	0.22592	0.22592	0.22592	0.22592	0.22592	0.22592	0.22592	0.22592	0.22592	0.22592	0.22592	0.22592	0.22592	0.22592
10000	3.028	0.01	0.021171	1	1	0.8	1.0846	0.3	3.5	15	1.0846	0.3	3.5	15	1.0846	0.3	3.5	15	1.0846	0.3	3.5	15	0	1.0964	0.30324	3.5378	15.162	1.0964	0.30324	3.5378	15.162	1.0964	0.30324	3.5378	15.162	1.0964	0.30324	3.5378	15.162	0	0.4	0.4	0.4	0.4	0.4	0.4	0.4	0.4	0.4	0.4	0.4	0.4	0.4	0.4	0.4	0.4	0.4
10000	3	0.0040044	0.02	1	1	0.61561	1	0.36667	3.1667	15	1	0.36667	3.1667	15	1	0.36667	3.1667	15	1	0.36667	3.1667	15	0	1.1669	0.42787	3.6953	17.504	1.1669	0.42787	3.6953	17.504	1.1669	0.42787	3.6953	17.504	1.1669	0.42787	3.6953	17.504	0	0.43333	0.43333	0.43333	0.43333	0.43333	0.43333	0.43333	0.43333	0.43333	0.43333	0.43333	0.43333	0.43333	0.43333	0.43333	0.43333	0.43333
10000	3.6778	0.011516	0.012826	1	1	0.2478	0.97951	0.24075	2.4166	13.881	0.97951	0.24075	2.4166	13.881	0.97951	0.24075	2.4166	13.881	0.97951	0.24075	2.4166	13.881	0	1.6556	0.40693	4.0846	23.463	1.6556	0.40693	4.0846	23.463	1.6556	0.40693	4.0846	23.463	1.6556	0.40693	4.0846	23.463	0	0.31156	0.31156	0.31156	0.31156	0.31156	0.31156	0.31156	0.31156	0.31156	0.31156	0.31156	0.31156	0.31156	0.31156	0.31156	0.31156	0.31156
10000	4.4757	0.012783	0.025863	1	1	0.4488	1.4815	0.3	3.3333	15	1.4815	0.3	3.3333	15	1.4815	0.3	3.3333	15	1.4815	0.3	3.3333	15	0	1.7431	0.35298	3.922	17.649	1.7431	0.35298	3.922	17.649	1.7431	0.35298	3.922	17.649	1.7431	0.35298	3.922	17.649	0	0.22815	0.22815	0.22815	0.22815	0.22815	0.22815	0.22815	0.22815	0.22815	0.22815	0.22815	0.22815	0.22815	0.22815	0.22815	0.22815	0.22815
10000	3.0593	0.010296	0.029006	1	1	0.37616	1.2281	0.28372	4.9404	13.578	1.2281	0.28372	4.9404	13.578	1.2281	0.28372	4.9404	13.578	1.2281	0.28372	4.9404	13.578	0	1.2647	0.29217	5.0877	13.982	1.2647	0.29217	5.0877	13.982	1.2647	0.29217	5.0877	13.982	1.2647	0.29217	5.0877	13.982	0	0.40219	0.40219	0.40219	0.40219	0.40219	0.40219	0.40219	0.40219	0.40219	0.40219	0.40219	0.40219	0.40219	0.40219	0.40219	0.40219	0.40219
10000	8.0006	0.0071566	0.019994	1	1	0.35342	0.80026	0.21878	2.5005	-180	0.80026	0.21878	2.5005	-180	0.80026	0.21878	2.5005	-180	0.80026	0.21878	2.5005	-180	0	2.7793	0.75984	8.6844	-625.16	2.7793	0.75984	8.6844	-625.16	2.7793	0.75984	8.6844	-625.16	2.7793	0.75984	8.6844	-625.16	0	0.40333	0.40333	0.40333	0.40333	0.40333	0.40333	0.40333	0.40333	0.40333	0.40333	0.40333	0.40333	0.40333	0.40333	0.40333	0.40333	0.40333
10000	4.4702	0.005	0.023333	1	1	0.1787	0.99739	0.3	2.5	15	0.99739	0.3	2.5	15	0.99739	0.3	2.5	15	0.99739	0.3	2.5	15	0	1.5451	0.46475	3.8729	23.237	1.5451	0.46475	3.8729	23.237	1.5451	0.46475	3.8729	23.237	1.5451	0.46475	3.8729	23.237	0	0.20804	0.20804	0.20804	0.20804	0.20804	0.20804	0.20804	0.20804	0.20804	0.20804	0.20804	0.20804	0.20804	0.20804	0.20804	0.20804	0.20804
10000	3.867	0.001	0.026544	1	1	0.84561	0.98202	1.4086	4.1	17.618	0.98202	1.4086	4.1	17.618	0.98202	1.4086	4.1	17.618	0.98202	1.4086	4.1	17.618	0	1.1361	1.6296	4.7435	20.383	1.1361	1.6296	4.7435	20.383	1.1361	1.6296	4.7435	20.383	1.1361	1.6296	4.7435	20.383	0	0.22327	0.22327	0.22327	0.22327	0.22327	0.22327	0.22327	0.22327	0.22327	0.22327	0.22327	0.22327	0.22327	0.22327	0.22327	0.22327	0.22327
10000	0.1	0.81624	0.019706	1	1	0.47552	0.76772	1.5267	4.106	24.807	0.76772	1.5267	4.106	24.807	0.76772	1.5267	4.106	24.807	0.76772	1.5267	4.106	24.807	0	0.416	0.82727	2.2249	13.442	0.416	0.82727	2.2249	13.442	0.416	0.82727	2.2249	13.442	0.416	0.82727	2.2249	13.442	0	0.1428	0.1428	0.1428	0.1428	0.1428	0.1428	0.1428	0.1428	0.1428	0.1428	0.1428	0.1428	0.1428	0.1428	0.1428	0.1428	0.1428
10000	7.6972	0.001	0.021042	1	1	0.64145	0.8	0.28275	3.5	12.934	0.8	0.28275	3.5	12.934	0.8	0.28275	3.5	12.934	0.8	0.28275	3.5	12.934	0	0.84444	0.29846	3.6944	13.652	0.84444	0.29846	3.6944	13.652	0.84444	0.29846	3.6944	13.652	0.84444	0.29846	3.6944	13.652	0	0.36629	0.36629	0.36629	0.36629	0.36629	0.36629	0.36629	0.36629	0.36629	0.36629	0.36629	0.36629	0.36629	0.36629	0.36629	0.36629	0.36629
10000	5	0.0045992	0.03	1	1	0.67098	0.8	0.66667	3.8889	10	0.8	0.66667	3.8889	10	0.8	0.66667	3.8889	10	0.8	0.66667	3.8889	10	0	0.27268	0.22723	1.3255	3.4085	0.27268	0.22723	1.3255	3.4085	0.27268	0.22723	1.3255	3.4085	0.27268	0.22723	1.3255	3.4085	0	0.2	0.2	0.2	0.2	0.2	0.2	0.2	0.2	0.2	0.2	0.2	0.2	0.2	0.2	0.2	0.2	0.2
10000	6.8753	0.0082898	0.020093	1	1	0.82402	0.47043	0.29742	2.9565	16.972	0.47043	0.29742	2.9565	16.972	0.47043	0.29742	2.9565	16.972	0.47043	0.29742	2.9565	16.972	0	0.52022	0.3289	3.2695	18.769	0.52022	0.3289	3.2695	18.769	0.52022	0.3289	3.2695	18.769	0.52022	0.3289	3.2695	18.769	0	0.18616	0.18616	0.18616	0.18616	0.18616	0.18616	0.18616	0.18616	0.18616	0.18616	0.18616	0.18616	0.18616	0.18616	0.18616	0.18616	0.18616
10000	5.0273	0.0020185	0.017391	1	1	0.79167	1.1065	0.50694	3.4792	14.926	1.1065	0.50694	3.4792	14.926	1.1065	0.50694	3.4792	14.926	1.1065	0.50694	3.4792	14.926	0	1.0976	0.50284	3.451	14.805	1.0976	0.50284	3.451	14.805	1.0976	0.50284	3.451	14.805	1.0976	0.50284	3.451	14.805	0	0.31566	0.31566	0.31566	0.31566	0.31566	0.31566	0.31566	0.31566	0.31566	0.31566	0.31566	0.31566	0.31566	0.31566	0.31566	0.31566	0.31566
10000	4.3283	0.001	0.01	1	1	0.79996	0.17989	0.39985	4.2161	19.998	0.17989	0.39985	4.2161	19.998	0.17989	0.39985	4.2161	19.998	0.17989	0.39985	4.2161	19.998	0	0.1799	0.39987	4.2163	19.999	0.1799	0.39987	4.2163	19.999	0.1799	0.39987	4.2163	19.999	0.1799	0.39987	4.2163	19.999	0	0.20009	0.20009	0.20009	0.20009	0.20009	0.20009	0.20009	0.20009	0.20009	0.20009	0.20009	0.20009	0.20009	0.20009	0.20009	0.20009	0.20009
10000	5.1772	0.0046375	0.020132	1	1	0.28143	1.0066	0.60429	2.4885	11.058	1.0066	0.60429	2.4885	11.058	1.0066	0.60429	2.4885	11.058	1.0066	0.60429	2.4885	11.058	0	1.1802	0.70849	2.9176	12.965	1.1802	0.70849	2.9176	12.965	1.1802	0.70849	2.9176	12.965	1.1802	0.70849	2.9176	12.965	0	0.202	0.202	0.202	0.202	0.202	0.202	0.202	0.202	0.202	0.202	0.202	0.202	0.202	0.202	0.202	0.202	0.202
10000	3.1789	0.005	0.02	1	1	0.5978	0.77425	0.6	2.5	15	0.77425	0.6	2.5	15	0.77425	0.6	2.5	15	0.77425	0.6	2.5	15	0	0.77425	0.6	2.5	15	0.77425	0.6	2.5	15	0.77425	0.6	2.5	15	0.77425	0.6	2.5	15	0	0.1	0.1	0.1	0.1	0.1	0.1	0.1	0.1	0.1	0.1	0.1	0.1	0.1	0.1	0.1	0.1	0.1
10000	7	0.001	0.02	1	1	0.86974	0.78278	0.38137	2.5	15	0.78278	0.38137	2.5	15	0.78278	0.38137	2.5	15	0.78278	0.38137	2.5	15	0	1.3387	0.6522	4.2754	25.652	1.3387	0.6522	4.2754	25.652	1.3387	0.6522	4.2754	25.652	1.3387	0.6522	4.2754	25.652	0	0.18889	0.18889	0.18889	0.18889	0.18889	0.18889	0.18889	0.18889	0.18889	0.18889	0.18889	0.18889	0.18889	0.18889	0.18889	0.18889	0.18889
10000	6.1375	0.025906	0.023399	1	1	0.73379	0.98674	0.31204	2.5324	19.003	0.98674	0.31204	2.5324	19.003	0.98674	0.31204	2.5324	19.003	0.98674	0.31204	2.5324	19.003	0	1.0027	0.31709	2.5734	19.311	1.0027	0.31709	2.5734	19.311	1.0027	0.31709	2.5734	19.311	1.0027	0.31709	2.5734	19.311	0	0.19259	0.19259	0.19259	0.19259	0.19259	0.19259	0.19259	0.19259	0.19259	0.19259	0.19259	0.19259	0.19259	0.19259	0.19259	0.19259	0.19259
10000	5.2752	0.0052662	0.021988	1	1	0.35507	0.77223	0.26797	3.5737	15.022	0.77223	0.26797	3.5737	15.022	0.77223	0.26797	3.5737	15.022	0.77223	0.26797	3.5737	15.022	0	0.77944	0.27048	3.6071	15.163	0.77944	0.27048	3.6071	15.163	0.77944	0.27048	3.6071	15.163	0.77944	0.27048	3.6071	15.163	0	0.25623	0.25623	0.25623	0.25623	0.25623	0.25623	0.25623	0.25623	0.25623	0.25623	0.25623	0.25623	0.25623	0.25623	0.25623	0.25623	0.25623
10000	5.344	0.0064182	0.02	1	1	0.61954	1	0.3	3.3333	20	1	0.3	3.3333	20	1	0.3	3.3333	20	1	0.3	3.3333	20	0	1	0.3	3.3333	20	1	0.3	3.3333	20	1	0.3	3.3333	20	1	0.3	3.3333	20	0	0.24109	0.24109	0.24109	0.24109	0.24109	0.24109	0.24109	0.24109	0.24109	0.24109	0.24109	0.24109	0.24109	0.24109	0.24109	0.24109	0.24109
10000	7	0.0079758	0.02	1	1	0.8	1	0.3	2.5	15	1	0.3	2.5	15	1	0.3	2.5	15	1	0.3	2.5	15	0	1	0.3	2.5	15	1	0.3	2.5	15	1	0.3	2.5	15	1	0.3	2.5	15	0	0.1	0.1	0.1	0.1	0.1	0.1	0.1	0.1	0.1	0.1	0.1	0.1	0.1	0.1	0.1	0.1	0.1
10000	10	0.0055	0.022055	1	1	0.64859	0.86471	0.18501	2.5	15	0.86471	0.18501	2.5	15	0.86471	0.18501	2.5	15	0.86471	0.18501	2.5	15	0	0.86471	0.18501	2.5	15	0.86471	0.18501	2.5	15	0.86471	0.18501	2.5	15	0.86471	0.18501	2.5	15	0	0.3	0.3	0.3	0.3	0.3	0.3	0.3	0.3	0.3	0.3	0.3	0.3	0.3	0.3	0.3	0.3	0.3
10000	5	0.0068288	0.016667	1	1	0.34582	0.79865	0.6	1.4895	15	0.79865	0.6	1.4895	15	0.79865	0.6	1.4895	15	0.79865	0.6	1.4895	15	0	0.46588	0.35	0.86889	8.75	0.46588	0.35	0.86889	8.75	0.46588	0.35	0.86889	8.75	0.46588	0.35	0.86889	8.75	0	0.2	0.2	0.2	0.2	0.2	0.2	0.2	0.2	0.2	0.2	0.2	0.2	0.2	0.2	0.2	0.2	0.2
10000	3.0004	0.010004	0.020004	1	1	0.43237	0.48529	0.40014	2.4996	29.998	0.48529	0.40014	2.4996	29.998	0.48529	0.40014	2.4996	29.998	0.48529	0.40014	2.4996	29.998	0	0.48538	0.40021	2.5001	30.004	0.48538	0.40021	2.5001	30.004	0.48538	0.40021	2.5001	30.004	0.48538	0.40021	2.5001	30.004	0	0.2642	0.2642	0.2642	0.2642	0.2642	0.2642	0.2642	0.2642	0.2642	0.2642	0.2642	0.2642	0.2642	0.2642	0.2642	0.2642	0.2642
10000	5	0.02	0.04	1	1	0.4	1.1111	0.3	3.5	15	1.1111	0.3	3.5	15	1.1111	0.3	3.5	15	1.1111	0.3	3.5	15	0	0.27778	0.075	0.875	3.75	0.27778	0.075	0.875	3.75	0.27778	0.075	0.875	3.75	0.27778	0.075	0.875	3.75	0	0.2249	0.2249	0.2249	0.2249	0.2249	0.2249	0.2249	0.2249	0.2249	0.2249	0.2249	0.2249	0.2249	0.2249	0.2249	0.2249	0.2249
10000	5.6853	0.0047778	0.018333	1	1	0.4	0.8	0.4	2.5	20	0.8	0.4	2.5	20	0.8	0.4	2.5	20	0.8	0.4	2.5	20	0	0.4	0.2	1.25	10	0.4	0.2	1.25	10	0.4	0.2	1.25	10	0.4	0.2	1.25	10	0	0.22377	0.22377	0.22377	0.22377	0.22377	0.22377	0.22377	0.22377	0.22377	0.22377	0.22377	0.22377	0.22377	0.22377	0.22377	0.22377	0.22377
10000	6.5443	0.01	0.02	1	1	-0.7329	1	1.35	5	9.4178	1	1.35	5	9.4178	1	1.35	5	9.4178	1	1.35	5	9.4178	0	0.77681	1.0487	3.884	7.3158	0.77681	1.0487	3.884	7.3158	0.77681	1.0487	3.884	7.3158	0.77681	1.0487	3.884	7.3158	0	0.2	0.2	0.2	0.2	0.2	0.2	0.2	0.2	0.2	0.2	0.2	0.2	0.2	0.2	0.2	0.2	0.2
10000	3.4793	0.0012963	0.018547	1	1	0.7073	0.86613	0.3	3.271	16.667	0.86613	0.3	3.271	16.667	0.86613	0.3	3.271	16.667	0.86613	0.3	3.271	16.667	0	0.64204	0.22238	2.4247	12.355	0.64204	0.22238	2.4247	12.355	0.64204	0.22238	2.4247	12.355	0.64204	0.22238	2.4247	12.355	0	0.022222	0.022222	0.022222	0.022222	0.022222	0.022222	0.022222	0.022222	0.022222	0.022222	0.022222	0.022222	0.022222	0.022222	0.022222	0.022222	0.022222
10000	5.6683	0.0012381	0.01	1	1	0.70098	0.65559	0.33333	2.5	15	0.65559	0.33333	2.5	15	0.65559	0.33333	2.5	15	0.65559	0.33333	2.5	15	0	0.65559	0.33333	2.5	15	0.65559	0.33333	2.5	15	0.65559	0.33333	2.5	15	0.65559	0.33333	2.5	15	0	0.1	0.1	0.1	0.1	0.1	0.1	0.1	0.1	0.1	0.1	0.1	0.1	0.1	0.1	0.1	0.1	0.1
10000	3.7182	0.001	0.015	1	1	0.8	1	0.4	5	15	1	0.4	5	15	1	0.4	5	15	1	0.4	5	15	0	0.5	0.2	2.5	7.5	0.5	0.2	2.5	7.5	0.5	0.2	2.5	7.5	0.5	0.2	2.5	7.5	0	0.11288	0.11288	0.11288	0.11288	0.11288	0.11288	0.11288	0.11288	0.11288	0.11288	0.11288	0.11288	0.11288	0.11288	0.11288	0.11288	0.11288
10000	7.5742	0.001	0.034942	1	1	0.79896	0.80104	0.60075	3.3313	14.991	0.80104	0.60075	3.3313	14.991	0.80104	0.60075	3.3313	14.991	0.80104	0.60075	3.3313	14.991	0	0.80065	0.60046	3.3297	14.984	0.80065	0.60046	3.3297	14.984	0.80065	0.60046	3.3297	14.984	0.80065	0.60046	3.3297	14.984	0	0.10022	0.10022	0.10022	0.10022	0.10022	0.10022	0.10022	0.10022	0.10022	0.10022	0.10022	0.10022	0.10022	0.10022	0.10022	0.10022	0.10022
10000	7.4256	0.001	0.021916	1	1	0.63218	1	0.57778	3.3334	15	1	0.57778	3.3334	15	1	0.57778	3.3334	15	1	0.57778	3.3334	15	0	1.0185	0.58848	3.3951	15.278	1.0185	0.58848	3.3951	15.278	1.0185	0.58848	3.3951	15.278	1.0185	0.58848	3.3951	15.278	0	0.20628	0.20628	0.20628	0.20628	0.20628	0.20628	0.20628	0.20628	0.20628	0.20628	0.20628	0.20628	0.20628	0.20628	0.20628	0.20628	0.20628
10000	4.3956	0.0050298	0.019926	1	1	0.61356	0.99281	0.66387	3.3268	9.9795	0.99281	0.66387	3.3268	9.9795	0.99281	0.66387	3.3268	9.9795	0.99281	0.66387	3.3268	9.9795	0	0.99604	0.66604	3.3377	10.012	0.99604	0.66604	3.3377	10.012	0.99604	0.66604	3.3377	10.012	0.99604	0.66604	3.3377	10.012	0	0.30081	0.30081	0.30081	0.30081	0.30081	0.30081	0.30081	0.30081	0.30081	0.30081	0.30081	0.30081	0.30081	0.30081	0.30081	0.30081	0.30081
10000	5.8334	0.001	0.02	1	1	0.58968	1.3333	0.80913	3.7787	16.426	1.3333	0.80913	3.7787	16.426	1.3333	0.80913	3.7787	16.426	1.3333	0.80913	3.7787	16.426	0	1.1111	0.67427	3.1489	13.689	1.1111	0.67427	3.1489	13.689	1.1111	0.67427	3.1489	13.689	1.1111	0.67427	3.1489	13.689	0	0.35334	0.35334	0.35334	0.35334	0.35334	0.35334	0.35334	0.35334	0.35334	0.35334	0.35334	0.35334	0.35334	0.35334	0.35334	0.35334	0.35334
10000	4.1833	0.001	0.022353	1	1	0.30235	0.86555	0.4	5	20	0.86555	0.4	5	20	0.86555	0.4	5	20	0.86555	0.4	5	20	0	0.86555	0.4	5	20	0.86555	0.4	5	20	0.86555	0.4	5	20	0.86555	0.4	5	20	0	0.2	0.2	0.2	0.2	0.2	0.2	0.2	0.2	0.2	0.2	0.2	0.2	0.2	0.2	0.2	0.2	0.2
10000	3.416	0.0038174	0.021453	1	1	0.62822	0.8	0.6	5	30	0.8	0.6	5	30	0.8	0.6	5	30	0.8	0.6	5	30	0	0.61188	0.45891	3.8242	22.945	0.61188	0.45891	3.8242	22.945	0.61188	0.45891	3.8242	22.945	0.61188	0.45891	3.8242	22.945	0	0.2	0.2	0.2	0.2	0.2	0.2	0.2	0.2	0.2	0.2	0.2	0.2	0.2	0.2	0.2	0.2	0.2
10000	1.9089	0.001	0.026667	1	1	0.8	1	0.5	2.5	13.509	1	0.5	2.5	13.509	1	0.5	2.5	13.509	1	0.5	2.5	13.509	0	1	0.5	2.5	13.509	1	0.5	2.5	13.509	1	0.5	2.5	13.509	1	0.5	2.5	13.509	0	0.2	0.2	0.2	0.2	0.2	0.2	0.2	0.2	0.2	0.2	0.2	0.2	0.2	0.2	0.2	0.2	0.2
10000	8.8224	0.001	0.01	1	1	1.2192	0.97645	0.16735	3.2705	15.007	0.97645	0.16735	3.2705	15.007	0.97645	0.16735	3.2705	15.007	0.97645	0.16735	3.2705	15.007	0	0.24411	0.041838	0.81763	3.7518	0.24411	0.041838	0.81763	3.7518	0.24411	0.041838	0.81763	3.7518	0.24411	0.041838	0.81763	3.7518	0	0.14979	0.14979	0.14979	0.14979	0.14979	0.14979	0.14979	0.14979	0.14979	0.14979	0.14979	0.14979	0.14979	0.14979	0.14979	0.14979	0.14979
10000	7.6981	0.001	0.016851	1	1	1.408	1	0.36667	4.9653	16.637	1	0.36667	4.9653	16.637	1	0.36667	4.9653	16.637	1	0.36667	4.9653	16.637	0	0.3858	0.14146	1.9156	6.4184	0.3858	0.14146	1.9156	6.4184	0.3858	0.14146	1.9156	6.4184	0.3858	0.14146	1.9156	6.4184	0	0.26013	0.26013	0.26013	0.26013	0.26013	0.26013	0.26013	0.26013	0.26013	0.26013	0.26013	0.26013	0.26013	0.26013	0.26013	0.26013	0.26013
10000	10	0.001	0.015021	1	1	1.1112	0.99787	0.50027	5.279	77.556	0.99787	0.50027	5.279	77.556	0.99787	0.50027	5.279	77.556	0.99787	0.50027	5.279	77.556	0	0.24947	0.12507	1.3197	19.389	0.24947	0.12507	1.3197	19.389	0.24947	0.12507	1.3197	19.389	0.24947	0.12507	1.3197	19.389	0	0.20085	0.20085	0.20085	0.20085	0.20085	0.20085	0.20085	0.20085	0.20085	0.20085	0.20085	0.20085	0.20085	0.20085	0.20085	0.20085	0.20085
10000	7.7756	0.001	0.01	1	1	0.89226	0.94408	0.12141	4.9021	14.553	0.94408	0.12141	4.9021	14.553	0.94408	0.12141	4.9021	14.553	0.94408	0.12141	4.9021	14.553	0	0.46966	0.060401	2.4387	7.2397	0.46966	0.060401	2.4387	7.2397	0.46966	0.060401	2.4387	7.2397	0.46966	0.060401	2.4387	7.2397	0	0.1985	0.1985	0.1985	0.1985	0.1985	0.1985	0.1985	0.1985	0.1985	0.1985	0.1985	0.1985	0.1985	0.1985	0.1985	0.1985	0.1985
10000	7	0.001	0.01	1	1	1	1.0667	0.1473	3.0511	15	1.0667	0.1473	3.0511	15	1.0667	0.1473	3.0511	15	1.0667	0.1473	3.0511	15	0	0.26667	0.036826	0.76278	3.75	0.26667	0.036826	0.76278	3.75	0.26667	0.036826	0.76278	3.75	0.26667	0.036826	0.76278	3.75	0	0.1	0.1	0.1	0.1	0.1	0.1	0.1	0.1	0.1	0.1	0.1	0.1	0.1	0.1	0.1	0.1	0.1
10000	5	0.005	0.02	1	1	0.8	1.5	0.3	2.5	10	1.5	0.3	2.5	10	1.5	0.3	2.5	10	1.5	0.3	2.5	10	0	0.75	0.15	1.25	5	0.75	0.15	1.25	5	0.75	0.15	1.25	5	0.75	0.15	1.25	5	0	0.3	0.3	0.3	0.3	0.3	0.3	0.3	0.3	0.3	0.3	0.3	0.3	0.3	0.3	0.3	0.3	0.3
10000	4.6308	0.004107	0.025534	1	1	1.0673	1.0831	-0.20947	2.8344	16.663	1.0831	-0.20947	2.8344	16.663	1.0831	-0.20947	2.8344	16.663	1.0831	-0.20947	2.8344	16.663	0	0.77461	-0.14981	2.0272	11.917	0.77461	-0.14981	2.0272	11.917	0.77461	-0.14981	2.0272	11.917	0.77461	-0.14981	2.0272	11.917	0	0.25834	0.25834	0.25834	0.25834	0.25834	0.25834	0.25834	0.25834	0.25834	0.25834	0.25834	0.25834	0.25834	0.25834	0.25834	0.25834	0.25834
10000	3	0.001	0.02	1	1	0.8	1	0.094884	3.5	15	1	0.094884	3.5	15	1	0.094884	3.5	15	1	0.094884	3.5	15	0	0.5138	0.048752	1.7983	7.707	0.5138	0.048752	1.7983	7.707	0.5138	0.048752	1.7983	7.707	0.5138	0.048752	1.7983	7.707	0	0.30319	0.30319	0.30319	0.30319	0.30319	0.30319	0.30319	0.30319	0.30319	0.30319	0.30319	0.30319	0.30319	0.30319	0.30319	0.30319	0.30319
10000	7	0.002	0.02	1	1	0.8	1	-0.27162	2.5	7.065	1	-0.27162	2.5	7.065	1	-0.27162	2.5	7.065	1	-0.27162	2.5	7.065	0	0.625	-0.16976	1.5625	4.4156	0.625	-0.16976	1.5625	4.4156	0.625	-0.16976	1.5625	4.4156	0.625	-0.16976	1.5625	4.4156	0	0.3	0.3	0.3	0.3	0.3	0.3	0.3	0.3	0.3	0.3	0.3	0.3	0.3	0.3	0.3	0.3	0.3
10000	5.6048	0.0020002	0.01	1	1	0.67968	1.6338	0.39839	2.4998	11.194	1.6338	0.39839	2.4998	11.194	1.6338	0.39839	2.4998	11.194	1.6338	0.39839	2.4998	11.194	0	0.81696	0.19921	1.25	5.5973	0.81696	0.19921	1.25	5.5973	0.81696	0.19921	1.25	5.5973	0.81696	0.19921	1.25	5.5973	0	0.21849	0.21849	0.21849	0.21849	0.21849	0.21849	0.21849	0.21849	0.21849	0.21849	0.21849	0.21849	0.21849	0.21849	0.21849	0.21849	0.21849
10000	2.2623	1	0.021949	1	1	0.49373	1.0853	0.34969	2.6322	19.306	1.0853	0.34969	2.6322	19.306	1.0853	0.34969	2.6322	19.306	1.0853	0.34969	2.6322	19.306	0	1.0466	0.33724	2.5385	18.619	1.0466	0.33724	2.5385	18.619	1.0466	0.33724	2.5385	18.619	1.0466	0.33724	2.5385	18.619	0	0.27063	0.27063	0.27063	0.27063	0.27063	0.27063	0.27063	0.27063	0.27063	0.27063	0.27063	0.27063	0.27063	0.27063	0.27063	0.27063	0.27063
10000	0.1	0.0049612	0.022941	1	1	0.4	1.3333	0.3	3.5	20	1.3333	0.3	3.5	20	1.3333	0.3	3.5	20	1.3333	0.3	3.5	20	0	1.1194	0.25186	2.9384	16.791	1.1194	0.25186	2.9384	16.791	1.1194	0.25186	2.9384	16.791	1.1194	0.25186	2.9384	16.791	0	0.2	0.2	0.2	0.2	0.2	0.2	0.2	0.2	0.2	0.2	0.2	0.2	0.2	0.2	0.2	0.2	0.2
10000	2.3345	0.010062	0.019816	1	1	0.48347	1.0092	0.30597	2.2889	16.592	1.0092	0.30597	2.2889	16.592	1.0092	0.30597	2.2889	16.592	1.0092	0.30597	2.2889	16.592	0	1.9774	0.59952	4.4848	32.51	1.9774	0.59952	4.4848	32.51	1.9774	0.59952	4.4848	32.51	1.9774	0.59952	4.4848	32.51	0	0.34532	0.34532	0.34532	0.34532	0.34532	0.34532	0.34532	0.34532	0.34532	0.34532	0.34532	0.34532	0.34532	0.34532	0.34532	0.34532	0.34532
10000	0.1	0.24	0.01	1	1	0.45692	1.1339	0.25939	2.5	30	1.1339	0.25939	2.5	30	1.1339	0.25939	2.5	30	1.1339	0.25939	2.5	30	0	1.1339	0.25939	2.5	30	1.1339	0.25939	2.5	30	1.1339	0.25939	2.5	30	1.1339	0.25939	2.5	30	0	0.2	0.2	0.2	0.2	0.2	0.2	0.2	0.2	0.2	0.2	0.2	0.2	0.2	0.2	0.2	0.2	0.2
10000	1.013	0.005	0.016667	1	1	0.46477	1	0.4	3.3333	15	1	0.4	3.3333	15	1	0.4	3.3333	15	1	0.4	3.3333	15	0	0.875	0.35	2.9167	13.125	0.875	0.35	2.9167	13.125	0.875	0.35	2.9167	13.125	0.875	0.35	2.9167	13.125	0	0.2	0.2	0.2	0.2	0.2	0.2	0.2	0.2	0.2	0.2	0.2	0.2	0.2	0.2	0.2	0.2	0.2
10000	3.8669	0.019	0.01	1	1	0.050001	1.25	0.46189	2.4583	-63.781	1.25	0.46189	2.4583	-63.781	1.25	0.46189	2.4583	-63.781	1.25	0.46189	2.4583	-63.781	0	2.0832	0.76977	4.097	-106.3	2.0832	0.76977	4.097	-106.3	2.0832	0.76977	4.097	-106.3	2.0832	0.76977	4.097	-106.3	0	0.4	0.4	0.4	0.4	0.4	0.4	0.4	0.4	0.4	0.4	0.4	0.4	0.4	0.4	0.4	0.4	0.4
10000	5.3886	0.017117	0.01832	1	1	0.28472	0.99976	0.40017	2.5004	-913.12	0.99976	0.40017	2.5004	-913.12	0.99976	0.40017	2.5004	-913.12	0.99976	0.40017	2.5004	-913.12	0	1.5714	0.62898	3.9301	-1435.2	1.5714	0.62898	3.9301	-1435.2	1.5714	0.62898	3.9301	-1435.2	1.5714	0.62898	3.9301	-1435.2	0	0.26278	0.26278	0.26278	0.26278	0.26278	0.26278	0.26278	0.26278	0.26278	0.26278	0.26278	0.26278	0.26278	0.26278	0.26278	0.26278	0.26278
10000	2.8389	0.013577	0.022482	1	1	0.21286	2	0.31516	1.5	-11.314	2	0.31516	1.5	-11.314	2	0.31516	1.5	-11.314	2	0.31516	1.5	-11.314	0	0.5	0.07879	0.375	-2.8285	0.5	0.07879	0.375	-2.8285	0.5	0.07879	0.375	-2.8285	0.5	0.07879	0.375	-2.8285	0	0.2	0.2	0.2	0.2	0.2	0.2	0.2	0.2	0.2	0.2	0.2	0.2	0.2	0.2	0.2	0.2	0.2
10000	3.4922	0.0061093	0.02	1	1	0.35904	1	0.6	1.0513	180	1	0.6	1.0513	180	1	0.6	1.0513	180	1	0.6	1.0513	180	0	1.2801	0.76806	1.3458	230.42	1.2801	0.76806	1.3458	230.42	1.2801	0.76806	1.3458	230.42	1.2801	0.76806	1.3458	230.42	0	0.20551	0.20551	0.20551	0.20551	0.20551	0.20551	0.20551	0.20551	0.20551	0.20551	0.20551	0.20551	0.20551	0.20551	0.20551	0.20551	0.20551
10000	3	0.021627	0.029657	1	1	0.4	0.8	0.3	2.5	-76.047	0.8	0.3	2.5	-76.047	0.8	0.3	2.5	-76.047	0.8	0.3	2.5	-76.047	0	1.0008	0.37531	3.1276	-95.137	1.0008	0.37531	3.1276	-95.137	1.0008	0.37531	3.1276	-95.137	1.0008	0.37531	3.1276	-95.137	0	0.31423	0.31423	0.31423	0.31423	0.31423	0.31423	0.31423	0.31423	0.31423	0.31423	0.31423	0.31423	0.31423	0.31423	0.31423	0.31423	0.31423
10000	0.1	0.02198	0.016761	1	1	0.702	0.89111	0.31045	2.6839	12.428	0.89111	0.31045	2.6839	12.428	0.89111	0.31045	2.6839	12.428	0.89111	0.31045	2.6839	12.428	0	0.29785	0.10377	0.8971	4.1539	0.29785	0.10377	0.8971	4.1539	0.29785	0.10377	0.8971	4.1539	0.29785	0.10377	0.8971	4.1539	0	0.25253	0.25253	0.25253	0.25253	0.25253	0.25253	0.25253	0.25253	0.25253	0.25253	0.25253	0.25253	0.25253	0.25253	0.25253	0.25253	0.25253
10000	4.9994	0.0049971	0.020004	1	1	0.7999	0.76857	0.15985	3.6659	12.209	0.76857	0.15985	3.6659	12.209	0.76857	0.15985	3.6659	12.209	0.76857	0.15985	3.6659	12.209	0	0.67256	0.13988	3.208	10.684	0.67256	0.13988	3.208	10.684	0.67256	0.13988	3.208	10.684	0.67256	0.13988	3.208	10.684	0	0.22168	0.22168	0.22168	0.22168	0.22168	0.22168	0.22168	0.22168	0.22168	0.22168	0.22168	0.22168	0.22168	0.22168	0.22168	0.22168	0.22168
10000	5	0.0105	0.01	1	1	0.4	-0.13521	0.3	3.5	30	-0.13521	0.3	3.5	30	-0.13521	0.3	3.5	30	-0.13521	0.3	3.5	30	0	-0.13521	0.3	3.5	30	-0.13521	0.3	3.5	30	-0.13521	0.3	3.5	30	-0.13521	0.3	3.5	30	0	0.42098	0.42098	0.42098	0.42098	0.42098	0.42098	0.42098	0.42098	0.42098	0.42098	0.42098	0.42098	0.42098	0.42098	0.42098	0.42098	0.42098
10000	1.1122	0.001	0.033739	1	1	0.29647	0.42837	1.3209	3.6261	11	0.42837	1.3209	3.6261	11	0.42837	1.3209	3.6261	11	0.42837	1.3209	3.6261	11	0	0.10709	0.33023	0.90652	2.75	0.10709	0.33023	0.90652	2.75	0.10709	0.33023	0.90652	2.75	0.10709	0.33023	0.90652	2.75	0	0	0	0	0	0	0	0	0	0	0	0	0	0	0	0	0	0
10000	0.1	0.00482	0.025005	1	1	0.7754	1.0831	0.13752	2.9379	16.998	1.0831	0.13752	2.9379	16.998	1.0831	0.13752	2.9379	16.998	1.0831	0.13752	2.9379	16.998	0	0.27077	0.03438	0.73448	4.2495	0.27077	0.03438	0.73448	4.2495	0.27077	0.03438	0.73448	4.2495	0.27077	0.03438	0.73448	4.2495	0	0.14996	0.14996	0.14996	0.14996	0.14996	0.14996	0.14996	0.14996	0.14996	0.14996	0.14996	0.14996	0.14996	0.14996	0.14996	0.14996	0.14996
10000	0.1	0.0099999	0.02	1	1	0.8	0.8452	0.3	2.5	30	0.8452	0.3	2.5	30	0.8452	0.3	2.5	30	0.8452	0.3	2.5	30	0	0.55847	0.19822	1.6519	19.822	0.55847	0.19822	1.6519	19.822	0.55847	0.19822	1.6519	19.822	0.55847	0.19822	1.6519	19.822	0	0.2	0.2	0.2	0.2	0.2	0.2	0.2	0.2	0.2	0.2	0.2	0.2	0.2	0.2	0.2	0.2	0.2
10000	1.1964	0.001	0.018053	1	1	0.82128	1	0.3	3.3333	20	1	0.3	3.3333	20	1	0.3	3.3333	20	1	0.3	3.3333	20	0	0.5	0.15	1.6667	10	0.5	0.15	1.6667	10	0.5	0.15	1.6667	10	0.5	0.15	1.6667	10	0	0.23333	0.23333	0.23333	0.23333	0.23333	0.23333	0.23333	0.23333	0.23333	0.23333	0.23333	0.23333	0.23333	0.23333	0.23333	0.23333	0.23333
10000	3.3608	0.001	0.01	1	1	0.80105	0.93529	0.43784	2.4929	15.032	0.93529	0.43784	2.4929	15.032	0.93529	0.43784	2.4929	15.032	0.93529	0.43784	2.4929	15.032	0	0.89991	0.42128	2.3986	14.464	0.89991	0.42128	2.3986	14.464	0.89991	0.42128	2.3986	14.464	0.89991	0.42128	2.3986	14.464	0	0.25586	0.25586	0.25586	0.25586	0.25586	0.25586	0.25586	0.25586	0.25586	0.25586	0.25586	0.25586	0.25586	0.25586	0.25586	0.25586	0.25586
10000	0.1	0.005	0.02	1	1	1	0.8	0.3	5	30	0.8	0.3	5	30	0.8	0.3	5	30	0.8	0.3	5	30	0	0.39091	0.14659	2.4432	14.659	0.39091	0.14659	2.4432	14.659	0.39091	0.14659	2.4432	14.659	0.39091	0.14659	2.4432	14.659	0	0.23025	0.23025	0.23025	0.23025	0.23025	0.23025	0.23025	0.23025	0.23025	0.23025	0.23025	0.23025	0.23025	0.23025	0.23025	0.23025	0.23025
10000	0.1	0.0099998	0.023537	1	1	0.79999	1.0541	0.39999	2.5	15	1.0541	0.39999	2.5	15	1.0541	0.39999	2.5	15	1.0541	0.39999	2.5	15	0	0.52703	0.19999	1.25	7.5	0.52703	0.19999	1.25	7.5	0.52703	0.19999	1.25	7.5	0.52703	0.19999	1.25	7.5	0	0.2	0.2	0.2	0.2	0.2	0.2	0.2	0.2	0.2	0.2	0.2	0.2	0.2	0.2	0.2	0.2	0.2
10000	3	0.01	0.02	1	1	0.8	1	0.3	2.5	15	1	0.3	2.5	15	1	0.3	2.5	15	1	0.3	2.5	15	0	1	0.3	2.5	15	1	0.3	2.5	15	1	0.3	2.5	15	1	0.3	2.5	15	0	0.2	0.2	0.2	0.2	0.2	0.2	0.2	0.2	0.2	0.2	0.2	0.2	0.2	0.2	0.2	0.2	0.2
10000	2.8603	0.0092718	0.018273	1	1	0.4	1.0657	0.33827	5.1852	15.556	1.0657	0.33827	5.1852	15.556	1.0657	0.33827	5.1852	15.556	1.0657	0.33827	5.1852	15.556	0	0.93114	0.29556	4.5305	13.592	0.93114	0.29556	4.5305	13.592	0.93114	0.29556	4.5305	13.592	0.93114	0.29556	4.5305	13.592	0	0.19906	0.19906	0.19906	0.19906	0.19906	0.19906	0.19906	0.19906	0.19906	0.19906	0.19906	0.19906	0.19906	0.19906	0.19906	0.19906	0.19906
10000	3	0.01	0.03	1	1	0.8	1.5	0.4	2.5	15	1.5	0.4	2.5	15	1.5	0.4	2.5	15	1.5	0.4	2.5	15	0	0.75	0.2	1.25	7.5	0.75	0.2	1.25	7.5	0.75	0.2	1.25	7.5	0.75	0.2	1.25	7.5	0	0.16667	0.16667	0.16667	0.16667	0.16667	0.16667	0.16667	0.16667	0.16667	0.16667	0.16667	0.16667	0.16667	0.16667	0.16667	0.16667	0.16667
10000	6.9276	0.0048188	0.027909	1	1	0.86209	0.64875	0.64484	3.1576	14.449	0.64875	0.64484	3.1576	14.449	0.64875	0.64484	3.1576	14.449	0.64875	0.64484	3.1576	14.449	0	0.62421	0.62045	3.0382	13.902	0.62421	0.62045	3.0382	13.902	0.62421	0.62045	3.0382	13.902	0.62421	0.62045	3.0382	13.902	0	0.11169	0.11169	0.11169	0.11169	0.11169	0.11169	0.11169	0.11169	0.11169	0.11169	0.11169	0.11169	0.11169	0.11169	0.11169	0.11169	0.11169
10000	3.1576	0.001	0.038997	1	1	0.38195	0.68308	0.48369	2.4549	14.794	0.68308	0.48369	2.4549	14.794	0.68308	0.48369	2.4549	14.794	0.68308	0.48369	2.4549	14.794	0	0.81234	0.57522	2.9194	17.593	0.81234	0.57522	2.9194	17.593	0.81234	0.57522	2.9194	17.593	0.81234	0.57522	2.9194	17.593	0	0.20644	0.20644	0.20644	0.20644	0.20644	0.20644	0.20644	0.20644	0.20644	0.20644	0.20644	0.20644	0.20644	0.20644	0.20644	0.20644	0.20644
10000	7	0.001	0.02	1	1	1	1	0	2.8588	15	1	0	2.8588	15	1	0	2.8588	15	1	0	2.8588	15	0	1.0556	0	3.0176	15.833	1.0556	0	3.0176	15.833	1.0556	0	3.0176	15.833	1.0556	0	3.0176	15.833	0	0.05	0.05	0.05	0.05	0.05	0.05	0.05	0.05	0.05	0.05	0.05	0.05	0.05	0.05	0.05	0.05	0.05
10000	8.6666	0.0050008	0.023336	1	1	0.88879	0.86677	0.30007	4.4447	15.001	0.86677	0.30007	4.4447	15.001	0.86677	0.30007	4.4447	15.001	0.86677	0.30007	4.4447	15.001	0	0.54169	0.18753	2.7777	9.3748	0.54169	0.18753	2.7777	9.3748	0.54169	0.18753	2.7777	9.3748	0.54169	0.18753	2.7777	9.3748	0	0.11669	0.11669	0.11669	0.11669	0.11669	0.11669	0.11669	0.11669	0.11669	0.11669	0.11669	0.11669	0.11669	0.11669	0.11669	0.11669	0.11669
10000	4.9727	0.001	0.01994	1	1	0.79167	0.99074	0.59688	3.5208	14.926	0.99074	0.59688	3.5208	14.926	0.99074	0.59688	3.5208	14.926	0.99074	0.59688	3.5208	14.926	0	0.66487	0.40056	2.3628	10.017	0.66487	0.40056	2.3628	10.017	0.66487	0.40056	2.3628	10.017	0.66487	0.40056	2.3628	10.017	0	0.081791	0.081791	0.081791	0.081791	0.081791	0.081791	0.081791	0.081791	0.081791	0.081791	0.081791	0.081791	0.081791	0.081791	0.081791	0.081791	0.081791
10000	5.0997	0.001	0.019922	1	1	0.88286	0.96782	-0.10719	2.4888	15.051	0.96782	-0.10719	2.4888	15.051	0.96782	-0.10719	2.4888	15.051	0.96782	-0.10719	2.4888	15.051	0	0.83194	-0.092137	2.1394	12.938	0.83194	-0.092137	2.1394	12.938	0.83194	-0.092137	2.1394	12.938	0.83194	-0.092137	2.1394	12.938	0	0.056533	0.056533	0.056533	0.056533	0.056533	0.056533	0.056533	0.056533	0.056533	0.056533	0.056533	0.056533	0.056533	0.056533	0.056533	0.056533	0.056533
10000	7.1312	0.001	0.04	1	1	0.88889	0.93333	0.2748	2.5	15	0.93333	0.2748	2.5	15	0.93333	0.2748	2.5	15	0.93333	0.2748	2.5	15	0	0.93333	0.2748	2.5	15	0.93333	0.2748	2.5	15	0.93333	0.2748	2.5	15	0.93333	0.2748	2.5	15	0	0	0	0	0	0	0	0	0	0	0	0	0	0	0	0	0	0
10000	5	0.01	0.02	1	1	0.022256	1	0.3	3.5	10	1	0.3	3.5	10	1	0.3	3.5	10	1	0.3	3.5	10	0	1	0.3	3.5	10	1	0.3	3.5	10	1	0.3	3.5	10	1	0.3	3.5	10	0	0.4	0.4	0.4	0.4	0.4	0.4	0.4	0.4	0.4	0.4	0.4	0.4	0.4	0.4	0.4	0.4	0.4
10000	2.6306	0.008926	0.010582	1	1	0.43879	0.74326	0.37423	2.11	14.085	0.74326	0.37423	2.11	14.085	0.74326	0.37423	2.11	14.085	0.74326	0.37423	2.11	14.085	0	0.66903	0.33685	1.8993	12.678	0.66903	0.33685	1.8993	12.678	0.66903	0.33685	1.8993	12.678	0.66903	0.33685	1.8993	12.678	0	0.28483	0.28483	0.28483	0.28483	0.28483	0.28483	0.28483	0.28483	0.28483	0.28483	0.28483	0.28483	0.28483	0.28483	0.28483	0.28483	0.28483
10000	6.9999	0.020013	0.043284	1	1	0.40024	0.7931	0.49974	4.6659	14.997	0.7931	0.49974	4.6659	14.997	0.7931	0.49974	4.6659	14.997	0.7931	0.49974	4.6659	14.997	0	0.79302	0.49969	4.6654	14.996	0.79302	0.49969	4.6654	14.996	0.79302	0.49969	4.6654	14.996	0.79302	0.49969	4.6654	14.996	0	0.20002	0.20002	0.20002	0.20002	0.20002	0.20002	0.20002	0.20002	0.20002	0.20002	0.20002	0.20002	0.20002	0.20002	0.20002	0.20002	0.20002
10000	5	0.02	0.02	1	1	0.4	1	0.3	2.5	15	1	0.3	2.5	15	1	0.3	2.5	15	1	0.3	2.5	15	0	1	0.3	2.5	15	1	0.3	2.5	15	1	0.3	2.5	15	1	0.3	2.5	15	0	0.2	0.2	0.2	0.2	0.2	0.2	0.2	0.2	0.2	0.2	0.2	0.2	0.2	0.2	0.2	0.2	0.2
10000	2.0446	0.010111	0.025788	1	1	0.33481	0.34584	0.4286	1.6449	15.316	0.34584	0.4286	1.6449	15.316	0.34584	0.4286	1.6449	15.316	0.34584	0.4286	1.6449	15.316	0	0.34569	0.42842	1.6442	15.31	0.34569	0.42842	1.6442	15.31	0.34569	0.42842	1.6442	15.31	0.34569	0.42842	1.6442	15.31	0	0.21023	0.21023	0.21023	0.21023	0.21023	0.21023	0.21023	0.21023	0.21023	0.21023	0.21023	0.21023	0.21023	0.21023	0.21023	0.21023	0.21023
10000	9.5836	0.019764	0.039993	1	1	0.8001	0.91264	0.66665	3.8886	16.666	0.91264	0.66665	3.8886	16.666	0.91264	0.66665	3.8886	16.666	0.91264	0.66665	3.8886	16.666	0	1.6863	1.2318	7.1849	30.793	1.6863	1.2318	7.1849	30.793	1.6863	1.2318	7.1849	30.793	1.6863	1.2318	7.1849	30.793	0	0.19999	0.19999	0.19999	0.19999	0.19999	0.19999	0.19999	0.19999	0.19999	0.19999	0.19999	0.19999	0.19999	0.19999	0.19999	0.19999	0.19999
10000	10	0.018299	0.010779	1	1	0.38504	0.42259	0.59969	5.8069	11.311	0.42259	0.59969	5.8069	11.311	0.42259	0.59969	5.8069	11.311	0.42259	0.59969	5.8069	11.311	0	0.63497	0.90107	8.7251	16.996	0.63497	0.90107	8.7251	16.996	0.63497	0.90107	8.7251	16.996	0.63497	0.90107	8.7251	16.996	0	0.41751	0.41751	0.41751	0.41751	0.41751	0.41751	0.41751	0.41751	0.41751	0.41751	0.41751	0.41751	0.41751	0.41751	0.41751	0.41751	0.41751
10000	5.3937	0.0071246	0.01759	1	1	0.31675	-0.1148	1.0904	3.7711	15.951	-0.1148	1.0904	3.7711	15.951	-0.1148	1.0904	3.7711	15.951	-0.1148	1.0904	3.7711	15.951	0	-0.14588	1.3856	4.7921	20.27	-0.14588	1.3856	4.7921	20.27	-0.14588	1.3856	4.7921	20.27	-0.14588	1.3856	4.7921	20.27	0	0.36724	0.36724	0.36724	0.36724	0.36724	0.36724	0.36724	0.36724	0.36724	0.36724	0.36724	0.36724	0.36724	0.36724	0.36724	0.36724	0.36724
10000	4.4842	0.013356	0.021067	1	1	0.68128	0.34285	0.6088	2.806	16.399	0.34285	0.6088	2.806	16.399	0.34285	0.6088	2.806	16.399	0.34285	0.6088	2.806	16.399	0	0.47526	0.84392	3.8897	22.732	0.47526	0.84392	3.8897	22.732	0.47526	0.84392	3.8897	22.732	0.47526	0.84392	3.8897	22.732	0	0.34678	0.34678	0.34678	0.34678	0.34678	0.34678	0.34678	0.34678	0.34678	0.34678	0.34678	0.34678	0.34678	0.34678	0.34678	0.34678	0.34678
10000	5.7403	0.0095	0.01813	1	1	-0.18167	0.43246	0.21218	2.4514	3.0417	0.43246	0.21218	2.4514	3.0417	0.43246	0.21218	2.4514	3.0417	0.43246	0.21218	2.4514	3.0417	0	0.86902	0.42637	4.926	6.1122	0.86902	0.42637	4.926	6.1122	0.86902	0.42637	4.926	6.1122	0.86902	0.42637	4.926	6.1122	0	0.38333	0.38333	0.38333	0.38333	0.38333	0.38333	0.38333	0.38333	0.38333	0.38333	0.38333	0.38333	0.38333	0.38333	0.38333	0.38333	0.38333
10000	5.1814	0.001	0.014444	1	1	0.80001	0.99999	0.17765	3.3944	15	0.99999	0.17765	3.3944	15	0.99999	0.17765	3.3944	15	0.99999	0.17765	3.3944	15	0	1	0.17766	3.3944	15	1	0.17766	3.3944	15	1	0.17766	3.3944	15	1	0.17766	3.3944	15	0	0.16667	0.16667	0.16667	0.16667	0.16667	0.16667	0.16667	0.16667	0.16667	0.16667	0.16667	0.16667	0.16667	0.16667	0.16667	0.16667	0.16667
10000	3	0.001	0.02	1	1	0.8	1	0.3	3.5	15	1	0.3	3.5	15	1	0.3	3.5	15	1	0.3	3.5	15	0	1	0.3	3.5	15	1	0.3	3.5	15	1	0.3	3.5	15	1	0.3	3.5	15	0	0.17541	0.17541	0.17541	0.17541	0.17541	0.17541	0.17541	0.17541	0.17541	0.17541	0.17541	0.17541	0.17541	0.17541	0.17541	0.17541	0.17541
10000	6.2806	0.0025297	0.019834	1	1	1.0083	1.0592	0.62857	4.771	14.509	1.0592	0.62857	4.771	14.509	1.0592	0.62857	4.771	14.509	1.0592	0.62857	4.771	14.509	0	1.0534	0.62512	4.7449	14.429	1.0534	0.62512	4.7449	14.429	1.0534	0.62512	4.7449	14.429	1.0534	0.62512	4.7449	14.429	0	0.086338	0.086338	0.086338	0.086338	0.086338	0.086338	0.086338	0.086338	0.086338	0.086338	0.086338	0.086338	0.086338	0.086338	0.086338	0.086338	0.086338
10000	1.5798	0.001	0.022742	1	1	0.85621	0.97262	0.58204	7.0622	14.779	0.97262	0.58204	7.0622	14.779	0.97262	0.58204	7.0622	14.779	0.97262	0.58204	7.0622	14.779	0	0.4727	0.28287	3.4323	7.1825	0.4727	0.28287	3.4323	7.1825	0.4727	0.28287	3.4323	7.1825	0.4727	0.28287	3.4323	7.1825	0	0.094401	0.094401	0.094401	0.094401	0.094401	0.094401	0.094401	0.094401	0.094401	0.094401	0.094401	0.094401	0.094401	0.094401	0.094401	0.094401	0.094401
10000	3.4371	0.005	0.031185	1	1	0.8	0.96274	0.27906	4.6667	29.32	0.96274	0.27906	4.6667	29.32	0.96274	0.27906	4.6667	29.32	0.96274	0.27906	4.6667	29.32	0	0.8744	0.25345	4.2384	26.629	0.8744	0.25345	4.2384	26.629	0.8744	0.25345	4.2384	26.629	0.8744	0.25345	4.2384	26.629	0	0.10287	0.10287	0.10287	0.10287	0.10287	0.10287	0.10287	0.10287	0.10287	0.10287	0.10287	0.10287	0.10287	0.10287	0.10287	0.10287	0.10287
10000	2.7905	0.001	0.01	1	1	1.1871	1.1634	0.36985	2.6425	15.86	1.1634	0.36985	2.6425	15.86	1.1634	0.36985	2.6425	15.86	1.1634	0.36985	2.6425	15.86	0	0.51788	0.16464	1.1763	7.0599	0.51788	0.16464	1.1763	7.0599	0.51788	0.16464	1.1763	7.0599	0.51788	0.16464	1.1763	7.0599	0	0.11474	0.11474	0.11474	0.11474	0.11474	0.11474	0.11474	0.11474	0.11474	0.11474	0.11474	0.11474	0.11474	0.11474	0.11474	0.11474	0.11474
10000	8.3919	0.001	0.019985	1	1	1.1107	1.4995	0.29994	2.7552	15.002	1.4995	0.29994	2.7552	15.002	1.4995	0.29994	2.7552	15.002	1.4995	0.29994	2.7552	15.002	0	0.75006	0.15004	1.3782	7.5043	0.75006	0.15004	1.3782	7.5043	0.75006	0.15004	1.3782	7.5043	0.75006	0.15004	1.3782	7.5043	0	0.18914	0.18914	0.18914	0.18914	0.18914	0.18914	0.18914	0.18914	0.18914	0.18914	0.18914	0.18914	0.18914	0.18914	0.18914	0.18914	0.18914
10000	2.8613	0.0089326	0.019986	1	1	1.5994	0.8868	0.30045	3.317	30.006	0.8868	0.30045	3.317	30.006	0.8868	0.30045	3.317	30.006	0.8868	0.30045	3.317	30.006	0	0.60037	0.20341	2.2457	20.314	0.60037	0.20341	2.2457	20.314	0.60037	0.20341	2.2457	20.314	0.60037	0.20341	2.2457	20.314	0	0.099954	0.099954	0.099954	0.099954	0.099954	0.099954	0.099954	0.099954	0.099954	0.099954	0.099954	0.099954	0.099954	0.099954	0.099954	0.099954	0.099954
10000	5.5584	0.001	0.01	1	1	1.5309	1.5034	0.44712	3.8843	21.932	1.5034	0.44712	3.8843	21.932	1.5034	0.44712	3.8843	21.932	1.5034	0.44712	3.8843	21.932	0	0.37584	0.11178	0.97108	5.483	0.37584	0.11178	0.97108	5.483	0.37584	0.11178	0.97108	5.483	0.37584	0.11178	0.97108	5.483	0	0.20064	0.20064	0.20064	0.20064	0.20064	0.20064	0.20064	0.20064	0.20064	0.20064	0.20064	0.20064	0.20064	0.20064	0.20064	0.20064	0.20064
10000	5.0506	0.0058333	0.023843	1	1	1.0688	1.107	0.3	3.6848	20	1.107	0.3	3.6848	20	1.107	0.3	3.6848	20	1.107	0.3	3.6848	20	0	0.55352	0.15	1.8424	10	0.55352	0.15	1.8424	10	0.55352	0.15	1.8424	10	0.55352	0.15	1.8424	10	0	0.1	0.1	0.1	0.1	0.1	0.1	0.1	0.1	0.1	0.1	0.1	0.1	0.1	0.1	0.1	0.1	0.1
10000	3.054	0.0221	0.02	1	1	0.81269	0.92884	0.3	6.2222	13.333	0.92884	0.3	6.2222	13.333	0.92884	0.3	6.2222	13.333	0.92884	0.3	6.2222	13.333	0	0.92883	0.3	6.2221	13.333	0.92883	0.3	6.2221	13.333	0.92883	0.3	6.2221	13.333	0.92883	0.3	6.2221	13.333	0	0.2	0.2	0.2	0.2	0.2	0.2	0.2	0.2	0.2	0.2	0.2	0.2	0.2	0.2	0.2	0.2	0.2
10000	5.7354	0.008	0.019501	1	1	0.47872	0.68599	0.42407	8.5408	16.049	0.68599	0.42407	8.5408	16.049	0.68599	0.42407	8.5408	16.049	0.68599	0.42407	8.5408	16.049	0	0.33846	0.20923	4.214	7.9186	0.33846	0.20923	4.214	7.9186	0.33846	0.20923	4.214	7.9186	0.33846	0.20923	4.214	7.9186	0	0.10345	0.10345	0.10345	0.10345	0.10345	0.10345	0.10345	0.10345	0.10345	0.10345	0.10345	0.10345	0.10345	0.10345	0.10345	0.10345	0.10345
10000	5.8438	0.001	0.017106	1	1	0.11232	0.33485	0.62523	10.41	37.745	0.33485	0.62523	10.41	37.745	0.33485	0.62523	10.41	37.745	0.33485	0.62523	10.41	37.745	0	0.22678	0.42344	7.0506	25.563	0.22678	0.42344	7.0506	25.563	0.22678	0.42344	7.0506	25.563	0.22678	0.42344	7.0506	25.563	0	0.3199	0.3199	0.3199	0.3199	0.3199	0.3199	0.3199	0.3199	0.3199	0.3199	0.3199	0.3199	0.3199	0.3199	0.3199	0.3199	0.3199
10000	2.55	0.0029181	0.03963	1	1	0.4451	0.91761	0.66666	10.439	30.26	0.91761	0.66666	10.439	30.26	0.91761	0.66666	10.439	30.26	0.91761	0.66666	10.439	30.26	0	0.4588	0.33333	5.2195	15.13	0.4588	0.33333	5.2195	15.13	0.4588	0.33333	5.2195	15.13	0.4588	0.33333	5.2195	15.13	0	0.21111	0.21111	0.21111	0.21111	0.21111	0.21111	0.21111	0.21111	0.21111	0.21111	0.21111	0.21111	0.21111	0.21111	0.21111	0.21111	0.21111
10000	2.5277	0.0046143	0.020289	1	1	0.79615	0.99998	0.60001	10.178	12.222	0.99998	0.60001	10.178	12.222	0.99998	0.60001	10.178	12.222	0.99998	0.60001	10.178	12.222	0	0.5	0.30001	5.0892	6.1112	0.5	0.30001	5.0892	6.1112	0.5	0.30001	5.0892	6.1112	0.5	0.30001	5.0892	6.1112	0	0.18692	0.18692	0.18692	0.18692	0.18692	0.18692	0.18692	0.18692	0.18692	0.18692	0.18692	0.18692	0.18692	0.18692	0.18692	0.18692	0.18692
10000	7.0003	0.001	0.020001	1	1	0.79995	1.0001	0.29997	3.5001	19.999	1.0001	0.29997	3.5001	19.999	1.0001	0.29997	3.5001	19.999	1.0001	0.29997	3.5001	19.999	0	1.0001	0.29998	3.5002	20	1.0001	0.29998	3.5002	20	1.0001	0.29998	3.5002	20	1.0001	0.29998	3.5002	20	0	0.37183	0.37183	0.37183	0.37183	0.37183	0.37183	0.37183	0.37183	0.37183	0.37183	0.37183	0.37183	0.37183	0.37183	0.37183	0.37183	0.37183
10000	5.0129	0.001	0.01	1	1	0.99561	0.99867	0.30285	3.4901	10.024	0.99867	0.30285	3.4901	10.024	0.99867	0.30285	3.4901	10.024	0.99867	0.30285	3.4901	10.024	0	0.79683	0.24164	2.7848	7.9982	0.79683	0.24164	2.7848	7.9982	0.79683	0.24164	2.7848	7.9982	0.79683	0.24164	2.7848	7.9982	0	0.10088	0.10088	0.10088	0.10088	0.10088	0.10088	0.10088	0.10088	0.10088	0.10088	0.10088	0.10088	0.10088	0.10088	0.10088	0.10088	0.10088
10000	6.425	0.001	0.01	1	1	1	1.2607	0.4	4.6667	13.333	1.2607	0.4	4.6667	13.333	1.2607	0.4	4.6667	13.333	1.2607	0.4	4.6667	13.333	0	1.2871	0.40838	4.7644	13.613	1.2871	0.40838	4.7644	13.613	1.2871	0.40838	4.7644	13.613	1.2871	0.40838	4.7644	13.613	0	0.2	0.2	0.2	0.2	0.2	0.2	0.2	0.2	0.2	0.2	0.2	0.2	0.2	0.2	0.2	0.2	0.2
10000	4.5595	0.001	0.02001	1	1	1.1117	1.0005	0.30007	2.4991	15.001	1.0005	0.30007	2.4991	15.001	1.0005	0.30007	2.4991	15.001	1.0005	0.30007	2.4991	15.001	0	1.0009	0.30021	2.5002	15.007	1.0009	0.30021	2.5002	15.007	1.0009	0.30021	2.5002	15.007	1.0009	0.30021	2.5002	15.007	0	0	0	0	0	0	0	0	0	0	0	0	0	0	0	0	0	0
10000	2.9233	0.001	0.020197	1	1	1.0541	1	0.3	2.9231	15	1	0.3	2.9231	15	1	0.3	2.9231	15	1	0.3	2.9231	15	0	0.53387	0.16016	1.5606	8.0081	0.53387	0.16016	1.5606	8.0081	0.53387	0.16016	1.5606	8.0081	0.53387	0.16016	1.5606	8.0081	0	0.10941	0.10941	0.10941	0.10941	0.10941	0.10941	0.10941	0.10941	0.10941	0.10941	0.10941	0.10941	0.10941	0.10941	0.10941	0.10941	0.10941
10000	7.0757	0.001	0.020383	1	1	0.78275	1.0192	0.28746	2.5335	14.847	1.0192	0.28746	2.5335	14.847	1.0192	0.28746	2.5335	14.847	1.0192	0.28746	2.5335	14.847	0	1.0384	0.29289	2.5813	15.127	1.0384	0.29289	2.5813	15.127	1.0384	0.29289	2.5813	15.127	1.0384	0.29289	2.5813	15.127	0	0.21533	0.21533	0.21533	0.21533	0.21533	0.21533	0.21533	0.21533	0.21533	0.21533	0.21533	0.21533	0.21533	0.21533	0.21533	0.21533	0.21533
10000	5.1104	0.001	0.020833	1	1	0.8375	1.9583	0.37292	4.9271	29.667	1.9583	0.37292	4.9271	29.667	1.9583	0.37292	4.9271	29.667	1.9583	0.37292	4.9271	29.667	0	0.93837	0.17869	2.3609	14.215	0.93837	0.17869	2.3609	14.215	0.93837	0.17869	2.3609	14.215	0.93837	0.17869	2.3609	14.215	0	0.15278	0.15278	0.15278	0.15278	0.15278	0.15278	0.15278	0.15278	0.15278	0.15278	0.15278	0.15278	0.15278	0.15278	0.15278	0.15278	0.15278
10000	6	0.001	0.02	1	1	0.59153	1.6627	0.13979	3.3334	15	1.6627	0.13979	3.3334	15	1.6627	0.13979	3.3334	15	1.6627	0.13979	3.3334	15	0	1.4251	0.11981	2.857	12.856	1.4251	0.11981	2.857	12.856	1.4251	0.11981	2.857	12.856	1.4251	0.11981	2.857	12.856	0	0.2	0.2	0.2	0.2	0.2	0.2	0.2	0.2	0.2	0.2	0.2	0.2	0.2	0.2	0.2	0.2	0.2
10000	4.0873	0.001	0.02	1	1	0.4	1	6.0555e-06	2.5	15	1	6.0555e-06	2.5	15	1	6.0555e-06	2.5	15	1	6.0555e-06	2.5	15	0	1	6.0555e-06	2.5	15	1	6.0555e-06	2.5	15	1	6.0555e-06	2.5	15	1	6.0555e-06	2.5	15	0	0.1	0.1	0.1	0.1	0.1	0.1	0.1	0.1	0.1	0.1	0.1	0.1	0.1	0.1	0.1	0.1	0.1
10000	9.1288	0.001	0.019073	1	1	0.04413	1.2828	0.59968	3.3069	11.312	1.2828	0.59968	3.3069	11.312	1.2828	0.59968	3.3069	11.312	1.2828	0.59968	3.3069	11.312	0	1.1061	0.51709	2.8514	9.7537	1.1061	0.51709	2.8514	9.7537	1.1061	0.51709	2.8514	9.7537	1.1061	0.51709	2.8514	9.7537	0	0.091337	0.091337	0.091337	0.091337	0.091337	0.091337	0.091337	0.091337	0.091337	0.091337	0.091337	0.091337	0.091337	0.091337	0.091337	0.091337	0.091337
10000	0.1	0.0099125	0.019784	1	1	1.0665	1.2264	0.55494	3.7655	19.962	1.2264	0.55494	3.7655	19.962	1.2264	0.55494	3.7655	19.962	1.2264	0.55494	3.7655	19.962	0	0.30661	0.13873	0.94139	4.9904	0.30661	0.13873	0.94139	4.9904	0.30661	0.13873	0.94139	4.9904	0.30661	0.13873	0.94139	4.9904	0	0.06655	0.06655	0.06655	0.06655	0.06655	0.06655	0.06655	0.06655	0.06655	0.06655	0.06655	0.06655	0.06655	0.06655	0.06655	0.06655	0.06655
10000	5.7059	0.001	0.01996	1	1	1.3124	0.99799	0.29935	3.3369	14.984	0.99799	0.29935	3.3369	14.984	0.99799	0.29935	3.3369	14.984	0.99799	0.29935	3.3369	14.984	0	0.99975	0.29988	3.3427	15.01	0.99975	0.29988	3.3427	15.01	0.99975	0.29988	3.3427	15.01	0.99975	0.29988	3.3427	15.01	0	0.30958	0.30958	0.30958	0.30958	0.30958	0.30958	0.30958	0.30958	0.30958	0.30958	0.30958	0.30958	0.30958	0.30958	0.30958	0.30958	0.30958
10000	4.0126	0.001	0.02767	1	1	0.7479	0.94211	0.29474	2.9443	15.234	0.94211	0.29474	2.9443	15.234	0.94211	0.29474	2.9443	15.234	0.94211	0.29474	2.9443	15.234	0	0.97095	0.30376	3.0344	15.701	0.97095	0.30376	3.0344	15.701	0.97095	0.30376	3.0344	15.701	0.97095	0.30376	3.0344	15.701	0	0.29624	0.29624	0.29624	0.29624	0.29624	0.29624	0.29624	0.29624	0.29624	0.29624	0.29624	0.29624	0.29624	0.29624	0.29624	0.29624	0.29624
10000	3.0002	0.001	0.022724	1	1	0.80011	0.87901	0.29992	2.4998	20.001	0.87901	0.29992	2.4998	20.001	0.87901	0.29992	2.4998	20.001	0.87901	0.29992	2.4998	20.001	0	0.87892	0.29989	2.4995	19.999	0.87892	0.29989	2.4995	19.999	0.87892	0.29989	2.4995	19.999	0.87892	0.29989	2.4995	19.999	0	0.21861	0.21861	0.21861	0.21861	0.21861	0.21861	0.21861	0.21861	0.21861	0.21861	0.21861	0.21861	0.21861	0.21861	0.21861	0.21861	0.21861
10000	5.2467	0.001	0.018137	1	1	0.93204	1.487	0.3	3.4013	13.162	1.487	0.3	3.4013	13.162	1.487	0.3	3.4013	13.162	1.487	0.3	3.4013	13.162	0	0.37175	0.075	0.85033	3.2905	0.37175	0.075	0.85033	3.2905	0.37175	0.075	0.85033	3.2905	0.37175	0.075	0.85033	3.2905	0	0.1	0.1	0.1	0.1	0.1	0.1	0.1	0.1	0.1	0.1	0.1	0.1	0.1	0.1	0.1	0.1	0.1
10000	7.4008	0.0149	0.02	1	1	-0.76799	1.1737	0.3	2.5	15	1.1737	0.3	2.5	15	1.1737	0.3	2.5	15	1.1737	0.3	2.5	15	0	2.3733	0.60664	5.0554	30.332	2.3733	0.60664	5.0554	30.332	2.3733	0.60664	5.0554	30.332	2.3733	0.60664	5.0554	30.332	0	0.4	0.4	0.4	0.4	0.4	0.4	0.4	0.4	0.4	0.4	0.4	0.4	0.4	0.4	0.4	0.4	0.4
10000	5.3485	0.0047778	0.02	1	1	0.16681	1.1638	0.3	3.3334	15	1.1638	0.3	3.3334	15	1.1638	0.3	3.3334	15	1.1638	0.3	3.3334	15	0	1.2436	0.32057	3.5619	16.029	1.2436	0.32057	3.5619	16.029	1.2436	0.32057	3.5619	16.029	1.2436	0.32057	3.5619	16.029	0	0.4	0.4	0.4	0.4	0.4	0.4	0.4	0.4	0.4	0.4	0.4	0.4	0.4	0.4	0.4	0.4	0.4
10000	7.3923	0.0097453	0.02	1	1	0.13838	0.8	0.4	2.5	15	0.8	0.4	2.5	15	0.8	0.4	2.5	15	0.8	0.4	2.5	15	0	1.753	0.87652	5.4783	32.87	1.753	0.87652	5.4783	32.87	1.753	0.87652	5.4783	32.87	1.753	0.87652	5.4783	32.87	0	0.3	0.3	0.3	0.3	0.3	0.3	0.3	0.3	0.3	0.3	0.3	0.3	0.3	0.3	0.3	0.3	0.3
10000	5.9764	0.016763	0.020003	1	1	-0.80967	0.88302	0.38998	3.0393	15.844	0.88302	0.38998	3.0393	15.844	0.88302	0.38998	3.0393	15.844	0.88302	0.38998	3.0393	15.844	0	1.3241	0.58478	4.5573	23.758	1.3241	0.58478	4.5573	23.758	1.3241	0.58478	4.5573	23.758	1.3241	0.58478	4.5573	23.758	0	0.46713	0.46713	0.46713	0.46713	0.46713	0.46713	0.46713	0.46713	0.46713	0.46713	0.46713	0.46713	0.46713	0.46713	0.46713	0.46713	0.46713
10000	7.6857	0.011131	0.018665	1	1	-0.11791	0.93712	0.38804	3.1855	13.997	0.93712	0.38804	3.1855	13.997	0.93712	0.38804	3.1855	13.997	0.93712	0.38804	3.1855	13.997	0	1.1385	0.47144	3.8701	17.006	1.1385	0.47144	3.8701	17.006	1.1385	0.47144	3.8701	17.006	1.1385	0.47144	3.8701	17.006	0	0.21484	0.21484	0.21484	0.21484	0.21484	0.21484	0.21484	0.21484	0.21484	0.21484	0.21484	0.21484	0.21484	0.21484	0.21484	0.21484	0.21484
10000	7	0.02	0.02	1	1	0.2469	-1.2385	0.4	3.5	9.0321	-1.2385	0.4	3.5	9.0321	-1.2385	0.4	3.5	9.0321	-1.2385	0.4	3.5	9.0321	0	-1.2385	0.4	3.5	9.032	-1.2385	0.4	3.5	9.032	-1.2385	0.4	3.5	9.032	-1.2385	0.4	3.5	9.032	0	0.3	0.3	0.3	0.3	0.3	0.3	0.3	0.3	0.3	0.3	0.3	0.3	0.3	0.3	0.3	0.3	0.3
10000	3.0026	0.020014	0.01	1	1	-1.3427	0.36972	1.6876	4.9872	108.44	0.36972	1.6876	4.9872	108.44	0.36972	1.6876	4.9872	108.44	0.36972	1.6876	4.9872	108.44	0	0.36736	1.6768	4.9553	107.75	0.36736	1.6768	4.9553	107.75	0.36736	1.6768	4.9553	107.75	0.36736	1.6768	4.9553	107.75	0	0.39561	0.39561	0.39561	0.39561	0.39561	0.39561	0.39561	0.39561	0.39561	0.39561	0.39561	0.39561	0.39561	0.39561	0.39561	0.39561	0.39561
10000	7.6552	0.020326	0.01	1	1	0.2698	0.44098	1.4672	4.5677	16.327	0.44098	1.4672	4.5677	16.327	0.44098	1.4672	4.5677	16.327	0.44098	1.4672	4.5677	16.327	0	0.49952	1.662	5.1741	18.494	0.49952	1.662	5.1741	18.494	0.49952	1.662	5.1741	18.494	0.49952	1.662	5.1741	18.494	0	0.20048	0.20048	0.20048	0.20048	0.20048	0.20048	0.20048	0.20048	0.20048	0.20048	0.20048	0.20048	0.20048	0.20048	0.20048	0.20048	0.20048
10000	6.4123	0.010244	0.016946	1	1	-0.27584	-0.57331	1.4355	4.2287	21.071	-0.57331	1.4355	4.2287	21.071	-0.57331	1.4355	4.2287	21.071	-0.57331	1.4355	4.2287	21.071	0	-0.49347	1.2356	3.6398	18.136	-0.49347	1.2356	3.6398	18.136	-0.49347	1.2356	3.6398	18.136	-0.49347	1.2356	3.6398	18.136	0	0.35524	0.35524	0.35524	0.35524	0.35524	0.35524	0.35524	0.35524	0.35524	0.35524	0.35524	0.35524	0.35524	0.35524	0.35524	0.35524	0.35524
10000	6.9973	0.019989	0.020006	1	1	0.15109	-0.97122	0.39755	5.0005	15.006	-0.97122	0.39755	5.0005	15.006	-0.97122	0.39755	5.0005	15.006	-0.97122	0.39755	5.0005	15.006	0	-0.97059	0.39729	4.9973	14.996	-0.97059	0.39729	4.9973	14.996	-0.97059	0.39729	4.9973	14.996	-0.97059	0.39729	4.9973	14.996	0	0.20003	0.20003	0.20003	0.20003	0.20003	0.20003	0.20003	0.20003	0.20003	0.20003	0.20003	0.20003	0.20003	0.20003	0.20003	0.20003	0.20003
10000	5.8984	0.001	0.043129	1	1	0.53333	1.1999	0.3	1.5	20	1.1999	0.3	1.5	20	1.1999	0.3	1.5	20	1.1999	0.3	1.5	20	0	1.1999	0.3	1.5	20	1.1999	0.3	1.5	20	1.1999	0.3	1.5	20	1.1999	0.3	1.5	20	0	0.23333	0.23333	0.23333	0.23333	0.23333	0.23333	0.23333	0.23333	0.23333	0.23333	0.23333	0.23333	0.23333	0.23333	0.23333	0.23333	0.23333
10000	10	0.010922	0.02	1	1	0.60263	0.99999	0.3	2.5	15	0.99999	0.3	2.5	15	0.99999	0.3	2.5	15	0.99999	0.3	2.5	15	0	0.25	0.075	0.625	3.75	0.25	0.075	0.625	3.75	0.25	0.075	0.625	3.75	0.25	0.075	0.625	3.75	0	0.2	0.2	0.2	0.2	0.2	0.2	0.2	0.2	0.2	0.2	0.2	0.2	0.2	0.2	0.2	0.2	0.2
10000	8.5755	0.0039201	0.020019	1	1	0.83942	1.0521	1.1218	2.4998	15.001	1.0521	1.1218	2.4998	15.001	1.0521	1.1218	2.4998	15.001	1.0521	1.1218	2.4998	15.001	0	1.0892	1.1614	2.588	15.531	1.0892	1.1614	2.588	15.531	1.0892	1.1614	2.588	15.531	1.0892	1.1614	2.588	15.531	0	0.2096	0.2096	0.2096	0.2096	0.2096	0.2096	0.2096	0.2096	0.2096	0.2096	0.2096	0.2096	0.2096	0.2096	0.2096	0.2096	0.2096
10000	3	0.005	0.02	1	1	0.7389	1	0.3	2.5	15	1	0.3	2.5	15	1	0.3	2.5	15	1	0.3	2.5	15	0	1	0.3	2.5	15	1	0.3	2.5	15	1	0.3	2.5	15	1	0.3	2.5	15	0	0.2	0.2	0.2	0.2	0.2	0.2	0.2	0.2	0.2	0.2	0.2	0.2	0.2	0.2	0.2	0.2	0.2
10000	5.8438	0.005	0.032422	1	1	0.8	1.5	0.6	2.5	13.333	1.5	0.6	2.5	13.333	1.5	0.6	2.5	13.333	1.5	0.6	2.5	13.333	0	1.5	0.6	2.5	13.333	1.5	0.6	2.5	13.333	1.5	0.6	2.5	13.333	1.5	0.6	2.5	13.333	0	0.3	0.3	0.3	0.3	0.3	0.3	0.3	0.3	0.3	0.3	0.3	0.3	0.3	0.3	0.3	0.3	0.3
10000	3.5905	0.010114	0.02145	1	1	0.455	1	0.3	2.5953	20	1	0.3	2.5953	20	1	0.3	2.5953	20	1	0.3	2.5953	20	0	1	0.3	2.5953	20	1	0.3	2.5953	20	1	0.3	2.5953	20	1	0.3	2.5953	20	0	0.2	0.2	0.2	0.2	0.2	0.2	0.2	0.2	0.2	0.2	0.2	0.2	0.2	0.2	0.2	0.2	0.2
10000	2.2553	0.011667	0.02	1	1	0.64649	1	0.3	2.5	15	1	0.3	2.5	15	1	0.3	2.5	15	1	0.3	2.5	15	0	1	0.3	2.5	15	1	0.3	2.5	15	1	0.3	2.5	15	1	0.3	2.5	15	0	0.1	0.1	0.1	0.1	0.1	0.1	0.1	0.1	0.1	0.1	0.1	0.1	0.1	0.1	0.1	0.1	0.1
10000	4.728	0.0075562	0.022368	1	1	0.65765	1.0001	0.51034	2.5001	9.9996	1.0001	0.51034	2.5001	9.9996	1.0001	0.51034	2.5001	9.9996	1.0001	0.51034	2.5001	9.9996	0	1	0.51031	2.4999	9.9989	1	0.51031	2.4999	9.9989	1	0.51031	2.4999	9.9989	1	0.51031	2.4999	9.9989	0	0.20003	0.20003	0.20003	0.20003	0.20003	0.20003	0.20003	0.20003	0.20003	0.20003	0.20003	0.20003	0.20003	0.20003	0.20003	0.20003	0.20003
10000	10	0.001	0.024896	1	1	-0.123	1.5446	0.3	2.5	5.1514	1.5446	0.3	2.5	5.1514	1.5446	0.3	2.5	5.1514	1.5446	0.3	2.5	5.1514	0	1.6024	0.31124	2.5937	5.3444	1.6024	0.31124	2.5937	5.3444	1.6024	0.31124	2.5937	5.3444	1.6024	0.31124	2.5937	5.3444	0	0.2	0.2	0.2	0.2	0.2	0.2	0.2	0.2	0.2	0.2	0.2	0.2	0.2	0.2	0.2	0.2	0.2
10000	3.5	1	0.03	1	1	0.8	1	0.16549	2.5	15	1	0.16549	2.5	15	1	0.16549	2.5	15	1	0.16549	2.5	15	0	0.54376	0.089987	1.3594	8.1564	0.54376	0.089987	1.3594	8.1564	0.54376	0.089987	1.3594	8.1564	0.54376	0.089987	1.3594	8.1564	0	0.14097	0.14097	0.14097	0.14097	0.14097	0.14097	0.14097	0.14097	0.14097	0.14097	0.14097	0.14097	0.14097	0.14097	0.14097	0.14097	0.14097
