0	0	5	0	11	7223
1	1	5	1	24	5141
0	0	5	2	21	3154
1	1	4	3	31	5715
0	0	3	4	14	6837
1	1	3	5	33	8987
0	0	4	6	13	2020
1	1	2	7	12	4340
0	0	1	8	29	9471
1	1	3	9	5	5049
0	0	4	10	15	7365
1	1	2	11	16	3170
0	0	3	12	20	3125
1	1	3	13	2	2827
0	0	1	14	22	3169
1	1	3	15	23	3922
0	0	4	16	19	3977
1	0	2	0	33	9549
0	1	5	1	14	6832
1	0	1	2	22	5342
0	1	1	3	24	6654
1	0	1	4	30	13894
0	1	5	5	31	3560
1	0	5	6	34	13158
0	1	4	7	15	2047
1	0	5	8	13	9558
0	1	2	9	23	1365
1	0	1	10	7	8482
0	1	4	11	10	16508
1	0	4	12	20	16552
0	1	3	13	32	26555
1	0	1	14	5	10259
0	1	1	15	17	4049
1	0	3	16	16	7075
0	1	1	17	25	1606
1	0	2	18	26	5282
0	1	3	19	29	10557
1	0	2	20	6	17944
0	1	5	21	4	4188
1	0	5	22	8	5178
0	0	5	0	10	6593
1	1	5	1	31	7070
0	0	3	2	28	2506
1	1	5	3	19	7488
0	0	1	4	20	1877
1	1	1	5	30	10355
0	0	2	6	29	1574
1	1	1	7	11	9786
0	0	4	8	12	3390
1	1	5	9	4	7600
0	0	1	10	22	1337
1	1	4	11	33	14179
0	0	4	12	32	1740
1	1	3	13	2	4981
0	0	3	14	23	6711
1	1	5	15	21	6387
0	0	3	16	1	2298
1	1	2	17	5	23788
0	0	5	18	3	2615
1	1	2	19	14	16826
0	0	5	20	16	15809
1	1	4	21	24	12154
0	0	2	22	34	2843
1	1	4	23	6	12387
0	0	4	24	7	1285
1	1	5	25	15	1726
1	0	2	0	30	70521
0	1	5	1	15	3461
1	0	1	2	14	16838
0	1	4	3	11	4007
1	0	2	4	6	8729
0	1	1	5	22	2176
1	0	4	6	32	9815
0	1	2	7	23	1973
1	0	4	8	21	7249
0	1	5	9	31	3396
1	0	1	10	4	18143
0	1	5	11	7	2309
0	0	1	0	21	1278
1	1	5	1	31	10042
0	0	5	2	22	3305
1	1	5	3	15	8585
0	0	2	4	14	2113
1	1	5	5	6	9635
0	0	4	6	11	2022
1	1	3	7	12	20166
0	0	4	8	23	1567
1	1	3	9	24	11691
0	0	1	10	20	1198
1	0	4	0	22	7133
0	1	1	1	11	2699
1	0	3	2	24	10243
0	1	1	3	12	4146
1	0	2	4	23	5133
0	1	1	5	25	2709
1	0	5	6	21	2027
0	0	3	0	11	5232
1	1	2	1	22	6412
0	0	1	2	12	2167
1	1	2	3	13	3716
0	0	2	4	31	6376
1	1	3	5	21	7169
0	0	1	6	23	3840
1	1	3	7	15	10880
0	0	3	8	29	850
1	1	5	9	20	15552
0	0	5	10	19	2060
1	1	1	11	10	13026
0	0	1	12	30	3133
1	1	2	13	28	3721
0	0	4	14	32	1409
1	0	1	0	22	5053
0	1	4	1	14	2439
1	0	2	2	15	7271
0	1	1	3	13	1289
1	0	1	4	12	6382
0	1	4	5	21	3313
1	0	2	6	24	25661
0	1	3	7	23	1140
1	0	1	8	5	3558
0	1	2	9	33	3972
1	0	1	10	3	4810
0	1	3	11	4	2496
1	0	4	12	10	23271
0	1	2	13	31	2946
1	0	3	14	32	17389
0	1	3	15	2	2718
1	0	3	16	19	26769
0	1	5	17	29	6844
1	0	1	18	11	29448
0	1	3	19	9	2052
1	0	3	20	27	8258
0	0	2	0	23	3101
1	1	5	1	21	7249
0	0	5	2	25	1456
1	1	3	3	24	4068
0	0	1	4	15	2568
1	1	4	5	5	7568
0	0	3	6	7	1770
1	1	4	7	31	3758
0	0	4	8	16	2278
1	1	5	9	34	11794
0	0	1	10	33	4334
1	1	3	11	19	28919
0	0	5	12	13	2274
1	1	1	13	14	9200
0	0	3	14	3	955
1	0	1	0	23	8724
0	1	3	1	11	2404
1	0	2	2	12	8622
0	1	1	3	20	3607
1	0	1	4	21	6798
0	1	3	5	30	923
1	0	1	6	29	31066
0	1	3	7	3	9670
1	0	5	8	32	22837
0	1	3	9	22	1874
1	0	4	10	5	9565
0	1	4	11	14	1856
1	0	5	12	13	1950
0	0	5	0	11	1009
1	1	1	1	23	3547
0	0	3	2	13	2253
1	1	5	3	12	5377
0	0	4	4	21	1533
1	1	5	5	31	8746
0	0	3	6	29	1786
1	1	4	7	5	2837
0	0	1	8	2	3692
1	1	1	9	20	5093
0	0	3	10	19	3055
1	1	4	11	27	16728
0	0	5	12	14	10629
1	1	3	13	15	4527
0	0	1	14	24	3669
1	1	2	15	7	1555
1	0	3	0	23	91810
0	1	2	1	12	3079
1	0	4	2	14	13180
0	1	3	3	11	4287
1	0	5	4	13	8599
0	1	3	5	21	2425
1	0	3	6	30	10651
0	1	4	7	31	8032
1	0	4	8	1	2497
0	1	5	9	20	4423
1	0	5	10	19	9360
0	1	2	11	4	8895
1	0	3	12	28	6217
0	1	4	13	10	1893
1	0	4	14	9	7194
0	1	1	15	6	13675
1	0	4	16	5	7689
0	1	3	17	32	992
1	0	3	18	22	22830
0	1	1	19	24	15545
1	0	2	20	33	21129
0	1	2	21	3	2670
1	0	3	22	29	28714
0	1	4	23	27	2502
1	0	2	24	16	27773
0	0	3	0	21	2435
1	1	4	1	23	2921
0	0	1	2	20	2690
1	1	1	3	19	7620
0	0	4	4	13	2700
1	1	2	5	5	6850
0	0	2	6	11	5382
1	1	4	7	12	8371
0	0	4	8	31	3144
1	1	4	9	1	4007
0	0	2	10	22	11027
1	1	2	11	4	11685
0	0	3	12	14	5790
1	1	3	13	3	18059
0	0	2	14	2	2399
1	1	5	15	6	2098
1	0	3	0	23	27440
0	1	3	1	11	2422
1	0	3	2	21	7890
0	1	3	3	22	3712
1	0	2	4	13	5945
0	1	2	5	29	2305
1	0	5	6	25	8184
0	1	2	7	12	3643
1	0	2	8	19	14909
0	1	2	9	20	5379
1	0	1	10	2	4518
0	1	5	11	28	2301
1	0	2	12	4	6665
0	1	2	13	30	5434
1	0	4	14	31	12882
0	1	2	15	27	1884
0	0	2	0	11	1648
1	1	4	1	32	5898
0	0	1	2	12	1415
1	1	3	3	13	4991
0	0	5	4	20	2901
1	1	5	5	10	10516
0	0	1	6	21	1553
1	1	1	7	19	8251
0	0	5	8	29	2918
1	1	2	9	2	5725
0	0	1	10	28	3376
1	1	5	11	4	15636
0	0	4	12	30	2641
1	1	2	13	3	7433
0	0	5	14	27	1406
1	0	4	0	20	8361
0	1	5	1	14	3469
1	0	4	2	24	5572
0	1	5	3	13	1084
1	0	2	4	15	4358
0	1	4	5	32	2513
1	0	1	6	23	17600
0	1	3	7	22	3081
1	0	4	8	12	6400
0	1	2	9	31	3256
1	0	3	10	4	5850
0	1	2	11	28	1960
1	0	3	12	6	17382
0	1	4	13	30	1940
1	0	4	14	29	6034
0	1	3	15	33	1743
0	0	4	0	11	1683
1	1	2	1	23	3735
0	0	4	2	12	1164
1	1	2	3	13	5216
0	0	5	4	20	1325
1	1	5	5	10	10658
0	0	1	6	30	2572
1	1	4	7	21	8452
0	0	2	8	29	2501
1	1	1	9	2	9970
0	0	2	10	28	824
1	1	1	11	4	10479
0	0	4	12	27	1236
1	0	1	0	29	4237
0	1	2	1	14	2088
1	0	3	2	30	4922
0	1	1	3	31	3184
1	0	4	4	32	4232
0	1	4	5	22	1760
1	0	2	6	13	7518
0	1	3	7	24	4053
1	0	2	8	23	13807
0	1	4	9	6	13237
1	0	5	10	34	17357
0	1	5	11	7	5823
1	0	1	12	33	14676
0	1	5	13	35	1737
1	0	1	14	3	1797
0	0	5	0	21	1347
1	1	4	1	32	3219
0	0	2	2	20	1813
1	1	5	3	22	9248
0	0	5	4	2	5007
1	1	3	5	16	18328
0	0	4	6	11	1174
1	1	4	7	29	3226
0	0	2	8	1	6944
1	1	3	9	31	5636
0	0	4	10	30	1798
1	1	1	11	12	17302
0	0	2	12	3	7561
1	1	2	13	4	6358
0	0	5	14	0	1368
1	0	5	0	20	6983
0	1	1	1	14	1535
1	0	1	2	4	5632
0	1	5	3	15	1287
1	0	5	4	13	6340
0	1	1	5	22	1363
1	0	5	6	6	8120
0	1	2	7	5	2953
1	0	4	8	16	33491
0	1	2	9	23	3002
1	0	1	10	32	4535
0	1	1	11	24	1941
1	0	3	12	25	6542
0	1	2	13	21	1037
2	0	5	0	13	2641
3	1	1	1	14	9405
2	0	1	2	12	2825
3	1	3	3	11	2821
2	0	1	4	3	4132
3	0	1	0	13	2721
2	1	5	1	12	3487
3	0	1	2	22	1986
2	1	5	3	4	1968
3	0	2	4	2	2715
2	1	2	5	20	3666
3	0	3	6	6	2952
2	1	2	7	28	1894
2	0	2	0	13	2770
3	1	1	1	14	2028
2	0	1	2	12	1937
3	1	2	3	24	2626
2	0	2	4	4	3011
3	1	5	5	32	2208
2	0	3	6	31	5352
3	1	2	7	15	8585
2	0	4	8	22	1934
3	0	1	0	13	4460
2	1	5	1	12	1799
3	0	3	2	2	2722
2	1	1	3	11	1757
3	0	4	4	3	1631
2	1	1	5	4	2642
3	0	5	6	1	3008
2	1	3	7	0	1343
3	0	3	8	20	2134
2	1	5	9	9	1944
3	0	2	10	18	2548
2	1	4	11	10	1153
2	0	1	0	13	2224
3	1	2	1	12	2453
2	0	4	2	14	3429
3	1	2	3	6	2449
2	0	3	4	15	1618
3	1	4	5	16	2078
2	0	1	6	5	4043
3	1	3	7	4	4127
2	0	2	8	21	2925
3	1	4	9	29	2213
2	0	5	10	32	6460
3	1	5	11	20	2398
2	0	2	12	23	1115
3	0	5	0	13	4575
2	1	3	1	12	1442
3	0	4	2	11	3077
2	1	1	3	3	2351
3	0	2	4	21	4537
2	1	1	5	20	1959
3	0	1	6	29	2111
2	1	2	7	5	2125
3	0	4	8	1	3613
2	1	4	9	31	2032
3	0	5	10	4	3704
2	1	2	11	14	15451
3	0	1	12	2	6076
2	1	3	13	32	6603
3	0	3	14	23	3943
2	1	3	15	22	7743
3	0	5	16	15	9149
2	1	1	17	6	3134
3	0	3	18	7	2225
2	1	5	19	30	1781
2	0	2	0	13	2587
3	1	2	1	16	820
2	0	5	2	12	222
3	1	4	3	21	897
2	0	5	4	14	2101
3	1	1	5	23	17
2	0	2	6	11	1677
3	0	5	0	13	1250
2	1	1	1	12	2634
3	0	2	2	23	1255
2	1	4	3	3	1575
3	0	2	4	21	1060
2	1	2	5	4	2553
3	0	3	6	5	1297
2	1	4	7	29	1708
3	0	4	8	22	2802
2	1	5	9	20	1486
3	0	4	10	11	1357
2	1	1	11	28	1727
2	0	1	0	13	4334
3	1	5	1	12	2270
2	0	2	2	14	1946
3	1	3	3	3	194
2	0	4	4	21	5781
3	1	3	5	5	3333
2	0	5	6	15	11442
3	1	2	7	4	3653
2	0	4	8	6	226
3	1	1	9	2	1514
3	0	1	0	13	1395
2	1	1	1	12	1343
3	0	1	2	14	1286
2	1	5	3	2	4266
3	0	4	4	22	1853
2	1	1	5	4	6147
3	0	1	6	3	1931
2	1	4	7	20	4857
3	0	4	8	28	1705
2	1	5	9	23	1861
3	0	1	10	21	3789
2	1	4	11	29	7158
3	0	1	12	11	2613
2	1	3	13	30	15142
3	0	4	14	31	3844
2	1	2	15	10	6265
3	0	3	16	1	1780
2	0	3	0	13	1363
3	1	1	1	12	2419
2	0	5	2	21	1651
3	1	3	3	5	1889
2	0	3	4	4	3961
3	1	1	5	11	5800
2	0	5	6	31	3192
3	1	4	7	22	951
2	0	3	8	23	4286
3	1	4	9	2	4245
2	0	5	10	32	1716
3	1	2	11	10	6811
2	0	4	12	9	2643
3	1	4	13	3	6346
2	0	5	14	29	8340
3	1	1	15	30	4024
2	0	5	16	18	23571
3	1	1	17	0	3883
2	0	4	18	20	2610
3	1	5	19	1	1951
3	0	4	0	13	2251
2	1	4	1	12	1170
3	0	4	2	14	1900
2	1	5	3	15	1966
3	0	5	4	3	3308
2	1	3	5	23	1652
3	0	3	6	5	1713
2	1	2	7	7	4703
3	0	4	8	31	2058
2	1	5	9	22	2784
3	0	3	10	32	1960
2	1	3	11	33	10592
3	0	4	12	4	3776
2	0	2	0	13	1616
3	1	4	1	14	18404
2	0	4	2	22	2454
3	1	3	3	4	4260
2	0	4	4	23	7115
3	1	3	5	24	3019
2	0	1	6	34	1709
3	1	1	7	15	6806
2	0	5	8	33	262
3	1	1	9	32	1130
2	0	4	10	3	1810
3	0	3	0	13	2273
2	1	5	1	14	2268
3	0	1	2	15	2388
2	1	1	3	5	4984
3	0	3	4	23	6021
2	1	1	5	4	5937
3	0	1	6	31	3062
2	1	4	7	7	4526
3	0	1	8	3	2035
2	1	4	9	6	1200
2	0	1	0	13	1869
3	1	5	1	14	43
2	0	2	2	12	2155
3	1	4	3	11	1672
2	0	3	4	22	2336
3	1	1	5	31	1192
2	0	3	6	5	1978
3	1	3	7	4	2381
2	0	5	8	29	6151
3	1	3	9	21	1786
2	0	2	10	1	2600
3	1	5	11	2	7667
2	0	3	12	3	13336
3	1	5	13	30	4564
2	0	1	14	33	5290
3	1	2	15	23	3392
2	0	2	16	32	36214
3	1	2	17	7	5884
2	0	3	18	34	4378
3	1	2	19	35	1594
2	0	2	20	16	8574
3	1	2	21	15	1904
3	0	1	0	13	1367
2	1	4	1	14	2864
3	0	2	2	12	1926
2	1	3	3	22	3926
3	0	4	4	5	2471
2	1	2	5	21	9807
3	0	5	6	6	5031
2	1	3	7	23	3231
3	0	2	8	24	4209
2	1	5	9	15	3930
3	0	4	10	20	2396
2	1	4	11	7	10026
3	0	2	12	4	1012
2	1	1	13	31	8282
2	0	2	0	13	1925
3	1	5	1	12	893
2	0	2	2	3	1346
3	1	3	3	14	649
2	0	1	4	23	3404
3	1	1	5	33	1572
2	0	2	6	5	2579
3	1	3	7	4	3096
2	0	3	8	21	4172
3	1	4	9	29	1542
2	0	1	10	20	7229
3	1	5	11	22	2675
2	0	5	12	31	19701
3	1	2	13	32	2780
2	0	5	14	2	2592
3	1	2	15	30	5422
2	0	2	16	6	4883
3	1	2	17	27	10398
2	0	2	18	28	2088
3	1	1	19	35	2208
2	0	3	20	34	2262
3	1	1	21	24	3825
2	0	2	22	7	11045
3	1	4	23	8	1641
2	0	1	24	15	1531
3	0	4	0	13	1870
2	1	1	1	12	1748
3	0	2	2	14	431
2	1	1	3	4	2694
3	0	2	4	19	1349
2	1	3	5	2	4684
3	0	4	6	22	3244
2	1	4	7	20	2562
3	0	4	8	28	1971
2	1	3	9	10	2337
3	0	3	10	0	2521
2	1	4	11	9	2862
3	0	3	12	11	1566
2	1	5	13	1	1947
3	0	5	14	3	5012
2	1	4	15	27	2072
3	0	5	16	29	4463
2	1	3	17	5	25305
3	0	2	18	30	8488
2	1	3	19	31	1769
3	0	2	20	6	1471
2	0	1	0	22	1326
3	1	1	1	13	869
2	0	5	2	12	1533
3	1	3	3	5	4121
2	0	5	4	21	1597
3	1	2	5	32	4938
2	0	5	6	23	8768
3	1	4	7	24	2453
2	0	2	8	20	1441
3	0	5	0	13	1647
2	1	1	1	12	1867
3	0	1	2	5	3478
2	1	4	3	21	1750
3	0	5	4	3	1748
2	1	1	5	23	3032
3	0	4	6	22	4235
2	1	1	7	4	3028
3	0	4	8	20	5509
2	1	1	9	11	12685
3	0	4	10	10	4556
2	1	1	11	1	2349
3	0	3	12	31	2893
2	1	1	13	14	23576
3	0	1	14	30	6344
2	1	1	15	0	3587
3	0	5	16	2	2606
2	1	2	17	34	12292
3	0	1	18	8	8961
2	1	5	19	24	1666
2	0	5	0	13	1733
3	1	5	1	22	969
2	0	3	2	21	4410
3	1	3	3	5	1508
2	0	4	4	3	2179
3	1	1	5	2	5103
2	0	4	6	23	1720
3	1	3	7	33	2001
2	0	3	8	14	2465
3	1	4	9	12	2625
2	0	3	10	32	1781
3	1	2	11	4	5954
2	0	2	12	20	12028
3	1	5	13	15	1699
2	0	4	14	19	3104
3	1	1	15	18	2053
2	0	1	16	31	7909
3	1	5	17	30	3263
2	0	1	18	11	3187
3	1	4	19	6	5624
2	0	1	20	1	2164
3	0	4	0	14	1017
2	1	3	1	13	1010
3	0	4	2	0	792
2	1	1	3	3	2643
3	0	1	4	23	1203
2	1	2	5	5	1617
3	0	2	6	4	1384
2	1	1	7	21	1916
3	0	2	8	30	1129
2	1	5	9	29	1220
2	0	3	0	13	2272
3	1	4	1	8	76
2	0	1	2	3	1663
3	1	3	3	23	990
2	0	3	4	5	1432
3	1	5	5	21	1176
2	0	4	6	12	2088
3	1	1	7	4	3466
2	0	4	8	14	1817
3	1	1	9	2	2357
2	0	2	10	11	1950
3	0	2	0	13	1483
2	1	2	1	12	1128
3	0	4	2	22	757
2	1	4	3	4	1791
3	0	5	4	14	2172
2	1	4	5	15	5612
3	0	2	6	21	2639
2	1	5	7	20	2190
3	0	3	8	28	2413
2	1	2	9	3	8674
3	0	5	10	23	3113
2	1	3	11	5	2639
3	0	5	12	6	1455
2	1	2	13	2	1546
2	0	3	0	13	1655
3	1	2	1	12	5363
2	0	2	2	5	1420
3	1	1	3	4	3976
2	0	4	4	3	1466
3	1	3	5	20	3480
2	0	4	6	28	1822
3	1	1	7	14	3688
2	0	1	8	29	6944
3	1	1	9	30	4075
2	0	5	10	21	1372
3	0	2	0	14	680
2	1	1	1	13	1410
3	0	2	2	4	3635
2	1	5	3	5	1226
3	0	5	4	21	1225
2	1	3	5	3	2799
3	0	1	6	24	4004
2	1	3	7	34	1714
3	0	2	8	23	3976
2	1	1	9	22	1584
3	0	1	10	31	6072
2	1	2	11	15	2230
3	0	1	12	26	3763
2	1	1	13	25	1595
3	0	5	14	16	12902
2	1	3	15	35	1216
2	0	3	0	13	1529
3	1	5	1	12	709
2	0	4	2	5	1507
3	1	2	3	21	2477
2	0	3	4	3	784
3	1	4	5	22	2027
2	0	5	6	32	5595
3	1	3	7	23	116
2	0	1	8	20	15720
3	1	5	9	24	781
3	0	4	0	13	1011
2	1	3	1	12	9182
3	0	5	2	14	1537
2	1	4	3	15	2358
3	0	3	4	6	4315
2	1	1	5	22	2434
3	0	5	6	32	4978
2	1	5	7	23	4203
3	0	3	8	21	4346
2	1	2	9	24	7768
3	0	5	10	25	1909
2	1	1	11	5	5260
3	0	5	12	31	9348
2	1	3	13	30	5886
3	0	3	14	33	3693
2	1	5	15	34	1695
3	0	5	16	27	16461
2	1	4	17	2	10490
3	0	3	18	18	3176
2	1	2	19	3	4242
3	0	1	20	4	697
2	1	5	21	9	4315
3	0	4	22	0	1815
2	1	4	23	10	5304
3	0	5	24	11	1153
2	1	4	25	1	3507
3	0	1	26	19	1080
2	1	4	27	20	6935
3	0	5	28	8	7635
2	1	2	29	7	27437
3	0	3	30	17	3479
2	1	5	31	26	1652
3	0	5	32	16	2744
2	1	4	33	35	1603
3	0	4	34	28	2655
2	1	5	35	29	2005
2	0	5	0	13	1548
3	1	2	1	12	1485
2	0	1	2	3	1988
3	1	3	3	23	2606
2	0	1	4	5	1977
3	1	4	5	4	2467
2	0	4	6	21	2994
3	1	5	7	29	1674
2	0	4	8	20	3709
3	1	4	9	22	1474
2	0	5	10	19	3669
3	1	4	11	18	1174
2	0	4	12	14	6829
3	1	2	13	2	3078
2	0	1	14	32	1944
3	1	4	15	15	4415
2	0	4	16	31	8922
3	1	4	17	30	1683
2	0	2	18	11	4800
3	1	3	19	1	2862
2	0	3	20	33	10907
3	1	3	21	34	5943
2	0	4	22	24	3295
3	1	5	23	35	12327
2	0	2	24	16	1963
3	1	3	25	8	1522
2	0	5	26	28	23476
3	1	1	27	27	1274
2	0	3	28	0	1818
3	1	5	29	10	1259
2	0	3	30	25	20092
3	1	5	31	26	3044
2	0	5	32	17	1700
3	1	5	33	7	7245
2	0	4	34	6	1437
3	1	4	35	9	737
3	0	4	0	13	715
2	1	4	1	12	2992
3	0	2	2	5	4012
2	1	4	3	4	1909
3	0	2	4	20	2177
2	1	3	5	22	4036
3	0	1	6	21	4473
2	1	5	7	2	2049
3	0	2	8	32	1295
2	1	3	9	23	4454
3	0	2	10	29	636
2	0	5	0	13	1455
3	1	5	1	12	942
2	0	3	2	3	1279
3	1	3	3	23	1801
2	0	4	4	5	1731
3	1	4	5	4	1065
2	0	3	6	21	1878
3	1	5	7	30	1221
2	0	4	8	29	1305
3	0	3	0	13	958
2	1	5	1	3	1506
3	0	2	2	5	2954
2	1	3	3	21	1301
3	0	1	4	4	4022
2	1	5	5	22	3851
3	0	2	6	23	4295
2	1	2	7	12	1343
3	0	4	8	30	1459
2	1	1	9	32	2987
3	0	4	10	2	1256
2	1	2	11	20	5933
3	0	5	12	19	1367
2	1	1	13	33	3754
3	0	2	14	31	1741
2	1	4	15	15	21575
3	0	5	16	7	5060
2	1	2	17	6	2413
3	0	3	18	28	3021
2	1	3	19	24	1585
2	0	3	0	13	1337
3	1	2	1	14	803
2	0	5	2	4	2122
3	1	2	3	22	2472
2	0	2	4	5	2123
3	1	2	5	6	2236
2	0	2	6	30	2112
3	1	3	7	33	5619
2	0	3	8	29	8916
3	1	3	9	31	6119
2	0	2	10	15	8553
3	1	2	11	27	7043
2	0	4	12	25	2436
3	1	3	13	35	2287
2	0	3	14	34	4654
3	1	5	15	8	14766
2	0	2	16	7	2245
3	1	1	17	17	4889
2	0	1	18	16	1900
3	0	5	0	21	580
2	1	2	1	13	1746
3	0	5	2	29	1779
2	1	4	3	3	2023
3	0	1	4	23	1774
2	1	3	5	22	2186
3	0	2	6	5	8444
2	1	1	7	4	2559
3	0	4	8	2	1746
2	1	3	9	31	1644
2	0	1	0	13	1352
3	1	4	1	22	1089
2	0	5	2	3	1951
3	1	4	3	23	2502
2	0	5	4	21	2112
3	1	5	5	5	2164
2	0	2	6	14	2752
3	1	5	7	12	2730
2	0	2	8	15	5567
3	1	1	9	16	1753
2	0	3	10	24	2318
3	1	1	11	4	3252
2	0	5	12	6	3580
3	1	1	13	33	1395
2	0	2	14	30	14286
3	1	5	15	32	3407
2	0	2	16	2	5966
3	1	5	17	0	6321
2	0	5	18	11	2999
3	1	2	19	19	1603
2	0	5	20	28	2070
3	1	1	21	29	1373
2	0	4	22	1	8653
3	1	2	23	31	1082
2	0	4	24	34	2327
3	1	1	25	7	6853
2	0	1	26	8	27645
3	1	2	27	17	10893
3	0	1	0	13	1671
2	1	1	1	12	1667
3	0	4	2	4	2452
2	1	3	3	2	2114
3	0	4	4	22	2532
2	1	2	5	31	1249
3	0	3	6	21	4798
2	1	3	7	23	4946
3	0	5	8	15	4914
2	1	4	9	14	2162
3	0	3	10	5	4059
2	1	2	11	6	5771
3	0	3	12	29	6265
2	0	1	0	13	1499
3	1	4	1	12	12450
2	0	4	2	3	1573
3	1	5	3	23	1402
2	0	5	4	5	1519
3	1	1	5	4	4543
2	0	4	6	21	3651
3	1	5	7	20	1606
2	0	1	8	29	1459
3	0	3	0	13	1055
2	1	3	1	12	1873
3	0	4	2	4	5003
2	1	4	3	22	1868
3	0	4	4	2	3417
2	1	3	5	3	3652
3	0	2	6	21	2203
2	1	4	7	11	2260
3	0	4	8	5	4895
2	1	2	9	29	1533
3	0	2	10	10	1830
2	1	2	11	30	11933
3	0	1	12	31	1924
2	1	2	13	27	2154
3	0	3	14	28	1527
2	1	1	15	19	2934
2	0	5	0	13	4744
3	1	2	1	5	5594
2	0	1	2	3	2217
3	1	3	3	22	1141
2	0	3	4	23	1590
3	1	3	5	33	943
2	0	5	6	14	2247
3	1	2	7	12	2747
2	0	1	8	15	2980
3	1	2	9	16	1959
2	0	5	10	4	2227
3	1	1	11	31	4668
2	0	3	12	24	5066
3	1	3	13	34	2757
2	0	2	14	32	1416
3	1	3	15	2	7928
2	0	3	16	25	10936
3	1	1	17	26	1805
2	0	5	18	21	20453
3	1	2	19	28	11883
2	0	2	20	19	1788
3	1	3	21	20	3353
2	0	2	22	11	3421
3	1	3	23	30	4552
2	0	3	24	29	8881
3	1	3	25	1	4780
2	0	4	26	27	9585
4	0	1	0	0	12245
5	1	2	1	13	5034
4	0	4	2	30	15416
5	1	2	3	29	19348
4	0	5	4	21	8966
5	1	2	5	12	36629
4	0	3	6	5	7541
5	1	2	7	11	12645
4	0	4	8	10	2134
5	1	4	9	14	1133
4	0	5	0	12	3413
5	1	3	1	30	20396
4	0	3	2	14	1797
5	1	5	3	11	38710
4	0	3	4	28	4096
5	1	4	5	4	49629
4	0	1	6	13	7994
5	1	3	7	15	2440
4	0	1	8	32	16518
5	1	2	9	5	8794
4	0	1	10	2	8396
5	1	5	11	22	6779
4	0	4	12	35	12155
5	1	3	13	6	16567
4	0	2	14	7	13535
5	1	5	15	3	1814
4	0	3	0	21	3862
5	1	1	1	5	10298
4	0	3	2	23	11781
5	1	4	3	22	18432
4	0	4	4	13	8890
5	1	5	5	6	37682
4	0	5	6	3	28360
5	1	4	7	33	1744
4	0	5	8	4	13581
5	1	4	9	12	35906
4	0	1	10	15	18154
5	1	2	11	14	8479
4	0	3	12	7	8844
5	1	4	13	30	5288
5	0	5	0	11	2907
4	1	2	1	4	5025
5	0	5	2	12	9016
4	1	4	3	13	5890
5	0	5	4	22	1220
4	1	1	5	2	3435
5	0	3	6	10	13170
4	1	2	7	9	3654
5	0	1	8	21	8129
4	1	3	9	3	12714
5	0	5	10	5	1691
4	1	5	11	1	3083
4	0	5	0	12	6707
5	1	3	1	24	9816
4	0	4	2	14	10406
5	1	4	3	15	17157
4	0	2	4	11	14621
5	1	1	5	13	8224
4	0	1	6	10	2792
5	1	4	7	9	2120
4	0	3	8	33	16301
5	1	3	9	22	28761
4	0	2	10	23	15107
5	1	5	11	4	38455
4	0	2	12	31	7679
5	1	5	13	32	13560
4	0	1	14	21	18328
5	1	4	15	1	2854
4	0	5	16	3	16289
5	1	4	17	30	2856
4	0	4	18	19	8531
5	1	4	19	27	1507
4	0	4	20	29	21858
5	1	3	21	18	42304
4	0	5	22	0	7173
5	1	1	23	16	32835
4	0	3	24	8	7769
5	1	1	25	25	22876
4	0	4	26	20	27931
5	1	2	27	2	2366
4	0	1	28	5	10294
5	1	4	29	7	22598
4	0	2	30	34	4201
5	1	1	31	35	2876
5	0	2	0	12	23932
4	1	1	1	23	5927
5	0	5	2	13	27774
4	1	5	3	14	28759
5	0	2	4	5	2155
4	1	2	5	10	11633
5	0	1	6	4	10372
4	1	3	7	31	8711
5	0	1	8	6	4106
4	1	4	9	7	9271
5	0	1	10	3	2178
4	0	2	0	12	2000
5	1	5	1	22	6664
4	0	5	2	13	4893
5	1	3	3	14	4793
4	0	2	4	6	2327
5	1	3	5	23	4769
4	0	4	6	24	19380
5	1	3	7	33	62450
4	0	1	8	21	19606
5	1	4	9	32	11526
4	0	1	10	5	6200
5	1	1	11	29	2117
4	0	4	12	30	16428
5	1	1	13	3	9307
4	0	5	14	7	15412
5	1	1	15	4	9558
4	0	3	16	8	2266
5	0	3	0	11	5857
4	1	2	1	23	2421
5	0	2	2	13	32933
4	1	5	3	14	13320
5	0	1	4	22	45351
4	1	5	5	5	21370
5	0	4	6	32	1760
4	1	3	7	4	19943
5	0	5	8	12	3434
4	1	4	9	2	2809
5	0	2	10	10	2586
4	0	2	0	12	913
5	1	3	1	13	4974
4	0	5	2	21	6290
5	1	4	3	3	7627
4	0	5	4	23	2525
5	1	1	5	22	6399
4	0	1	6	31	1759
5	1	5	7	4	23215
4	0	4	8	5	17516
5	1	2	9	14	27112
4	0	3	10	16	21097
5	1	2	11	1	74048
4	0	4	12	2	10132
5	1	2	13	30	7569
4	0	3	14	6	1892
5	1	5	15	7	22938
4	0	4	16	34	24126
5	1	1	17	19	47114
4	0	1	18	33	7528
5	1	2	19	32	4738
4	0	3	20	24	12014
5	1	1	21	15	4568
4	0	2	22	26	8044
5	1	4	23	25	1554
4	0	4	24	10	11896
5	1	1	25	27	20864
4	0	2	26	11	11714
5	1	3	27	9	1566
4	0	5	28	17	26115
5	1	3	29	29	34337
4	0	5	30	28	7727
5	1	2	31	18	27622
4	0	1	32	0	4442
5	1	3	33	35	2551
5	0	4	0	22	7412
4	1	5	1	12	1647
5	0	2	2	21	8053
4	1	2	3	13	1084
5	0	4	4	23	35355
4	1	3	5	20	6194
5	0	1	6	24	5623
4	0	1	0	22	1258
5	1	2	1	13	8245
4	0	2	2	11	15322
5	1	3	3	14	32196
4	0	1	4	15	9736
5	1	5	5	5	7303
4	0	2	6	23	1720
5	1	5	7	21	4788
4	0	3	8	29	2889
5	1	1	9	4	11722
4	0	2	10	24	11068
5	1	3	11	25	4061
4	0	1	12	2	5925
5	1	4	13	20	4131
4	0	3	14	31	10751
5	1	3	15	7	9360
4	0	4	16	6	4591
5	1	2	17	33	2602
4	0	1	18	32	14143
5	1	5	19	30	6850
4	0	3	20	12	2493
6	0	3	0	22	5348
7	1	2	1	14	23461
6	0	4	2	13	14236
7	1	3	3	4	8566
6	0	3	4	24	5211
7	1	4	5	23	33875
6	0	3	6	31	11641
7	1	2	7	5	63098
6	0	3	8	32	3173
7	1	1	9	2	37223
6	0	3	10	16	3675
7	1	2	11	8	7614
6	0	3	12	7	10251
7	1	3	13	3	5954
7	0	2	0	21	9465
6	1	3	1	27	4834
7	0	4	2	29	10735
6	1	5	3	13	7183
7	0	2	4	19	9945
6	1	3	5	9	2518
7	0	5	6	20	29782
6	1	4	7	18	1687
7	0	1	8	22	3329
6	0	5	0	8	3743
7	1	2	1	16	11817
6	0	4	2	17	3780
7	1	2	3	35	9658
6	0	3	4	7	6559
7	1	5	5	5	11188
6	0	2	6	15	20831
7	1	1	7	23	37991
6	0	1	8	14	4699
7	1	4	9	12	22197
6	0	1	10	6	2562
7	1	3	11	30	25565
6	0	1	12	24	6162
7	1	3	13	33	12847
6	0	1	14	4	1977
7	1	3	15	34	9467
6	0	4	16	21	10859
7	1	5	17	32	5323
7	0	4	0	13	6784
6	1	5	1	22	4261
7	0	4	2	11	13769
6	1	4	3	12	2510
7	0	1	4	32	15481
6	1	2	5	14	7196
7	0	1	6	30	30264
6	1	2	7	31	15937
7	0	4	8	29	55061
6	1	3	9	28	9283
7	0	3	10	5	53649
6	1	2	11	21	4440
7	0	1	12	20	15618
6	1	1	13	2	2027
7	0	2	14	8	23137
6	1	2	15	10	4665
7	0	5	16	35	31455
6	1	5	17	1	3000
7	0	2	18	7	21580
6	1	2	19	19	1859
6	0	3	0	25	6260
7	1	5	1	15	9105
6	0	2	2	16	4654
7	1	5	3	34	5843
6	0	3	4	24	3876
7	1	3	5	32	5014
6	0	4	6	23	2229
7	0	5	0	20	2383
6	1	1	1	11	2284
7	0	3	2	4	11519
6	1	3	3	3	2598
7	0	4	4	27	29681
6	1	1	5	19	2597
7	0	3	6	0	31615
6	1	5	7	12	2750
7	0	3	8	10	54118
6	1	1	9	30	9753
7	0	5	10	21	7653
6	1	3	11	22	6461
7	0	2	12	32	46069
6	1	4	13	13	9976
7	0	1	14	14	8105
6	1	5	15	23	8186
7	0	3	16	24	34991
6	1	1	17	33	6335
6	0	4	0	20	1523
7	1	2	1	12	7655
6	0	5	2	21	11785
7	1	1	3	22	12343
6	0	2	4	2	4759
7	1	5	5	11	12787
6	0	5	6	13	4234
7	1	2	7	29	18884
6	0	1	8	10	4338
7	1	2	9	0	30850
6	0	1	10	3	29849
7	1	1	11	4	19471
6	0	4	12	19	5101
7	1	3	13	18	12017
6	0	2	14	23	9549
7	1	4	15	33	8875
6	0	1	16	1	12231
7	1	2	17	28	10604
6	0	4	18	14	9513
7	1	1	19	32	59007
6	0	1	20	27	1420
7	1	1	21	31	24753
6	0	4	22	30	1286
7	1	4	23	34	3250
7	0	1	0	20	4686
6	1	5	1	11	1677
7	0	1	2	23	7232
6	1	2	3	21	2563
7	0	3	4	31	9197
6	1	5	5	15	6952
7	0	4	6	33	9413
6	1	4	7	32	1937
7	0	5	8	13	16285
6	1	5	9	3	1381
7	0	2	10	4	13771
6	1	5	11	22	15482
7	0	4	12	12	53279
6	1	3	13	14	8010
7	0	3	14	28	3183
6	0	1	0	13	2805
7	1	5	1	23	7081
6	0	2	2	22	1738
7	1	5	3	31	5460
6	0	2	4	32	1056
7	1	1	5	15	11852
6	0	4	6	7	1430
7	1	1	7	21	23648
6	0	5	8	11	3416
7	1	4	9	12	59726
6	0	1	10	30	6028
7	1	1	11	14	22847
6	0	4	12	16	14941
7	1	1	13	24	37984
6	0	2	14	34	14045
7	1	5	15	25	5607
6	0	2	16	33	9027
7	1	3	17	26	6513
7	0	3	0	21	7023
6	1	2	1	11	4236
7	0	2	2	23	6548
6	1	5	3	22	1299
7	0	5	4	13	14148
6	1	1	5	3	6076
7	0	5	6	15	8616
6	1	5	7	31	8667
7	0	2	8	25	9453
6	1	3	9	5	3305
7	0	1	10	14	50467
6	1	2	11	12	16311
7	0	3	12	16	10706
6	0	5	0	20	2395
7	1	4	1	12	5728
6	0	4	2	11	2648
7	1	4	3	2	5443
6	0	4	4	22	4512
7	1	3	5	21	11442
6	0	1	6	3	3251
7	1	4	7	14	11966
6	0	5	8	19	6918
7	1	3	9	27	3725
6	0	2	10	30	5640
7	1	5	11	15	45598
6	0	4	12	13	2998
7	1	5	13	16	28490
6	0	3	14	17	2375
7	1	4	15	25	25659
6	0	1	16	10	3544
7	1	4	17	0	15050
6	0	3	18	5	2821
7	1	1	19	18	47056
6	0	4	20	9	2274
7	1	5	21	24	30004
6	0	2	22	7	3521
7	1	4	23	4	41272
6	0	5	24	6	4047
7	1	2	25	34	2341
8	0	2	0	13	3871
9	1	2	1	27	3610
8	0	4	2	21	28768
9	1	5	3	29	5404
8	0	4	4	12	20092
9	1	1	5	31	23442
8	0	4	6	10	73780
9	1	3	7	11	6918
8	0	5	8	20	27280
9	1	1	9	30	3164
8	0	5	10	28	6153
9	1	1	11	32	1423
9	0	1	0	22	6750
8	1	5	1	10	28775
9	0	3	2	12	12056
8	1	1	3	29	23050
9	0	1	4	21	40669
8	1	1	5	18	38783
9	0	3	6	20	7779
8	1	4	7	19	20398
9	0	4	8	23	2274
8	0	2	0	0	8810
9	1	4	1	21	10969
8	0	3	2	20	5673
9	1	5	3	23	36790
8	0	3	4	4	43355
9	1	5	5	12	21848
8	0	1	6	3	40929
9	1	4	7	1	23513
8	0	3	8	31	30503
9	1	1	9	10	58415
8	0	3	10	28	73468
9	1	3	11	14	54237
8	0	4	12	11	27408
9	1	3	13	22	72285
8	0	5	14	24	21597
9	1	1	15	32	2552
8	0	1	16	2	28816
9	1	3	17	5	4641
9	0	4	0	24	6896
8	1	3	1	12	8928
9	0	2	2	20	13615
8	1	5	3	22	8486
9	0	5	4	31	23068
8	1	1	5	21	34437
9	0	2	6	15	40565
8	1	2	7	6	57368
9	0	4	8	30	54935
8	1	4	9	29	89267
9	0	4	10	16	35466
8	1	4	11	32	86791
9	0	5	12	2	13741
8	1	1	13	5	61978
9	0	2	14	13	15226
8	1	1	15	14	21602
8	0	1	0	3	22670
9	1	3	1	4	13222
8	0	5	2	33	11879
9	1	1	3	30	34933
8	0	2	4	8	78077
9	1	2	5	13	30856
8	0	3	6	31	18489
9	1	2	7	32	26147
8	0	2	8	22	30740
9	1	4	9	14	19347
8	0	2	10	15	118271
9	1	5	11	7	59724
8	0	5	12	5	36920
9	1	2	13	25	54652
8	0	2	14	23	136634
9	1	5	15	34	7625
8	0	3	16	16	18884
9	1	3	17	24	3220
10	0	3	0	13	5883
11	1	1	1	22	4344
10	0	4	2	23	4961
11	1	1	3	30	22103
10	0	1	4	14	2417
11	1	5	5	32	9685
10	0	2	6	12	8136
11	1	3	7	15	20398
10	0	4	8	11	12105
11	0	2	0	13	923
10	1	1	1	14	4108
11	0	5	2	22	6806
10	1	5	3	4	4538
11	0	1	4	23	12800
10	1	4	5	24	2703
11	0	2	6	34	5136
10	1	5	7	32	10346
11	0	2	8	20	52088
10	1	3	9	21	4281
11	0	1	10	3	16024
10	1	3	11	33	1687
11	0	3	12	15	44510
10	1	2	13	31	11170
11	0	3	14	30	1947
10	1	1	15	11	62911
10	0	1	0	14	3900
11	1	5	1	13	7670
10	0	5	2	22	2933
11	1	3	3	23	11175
10	0	1	4	30	19033
11	1	5	5	6	6324
10	0	4	6	21	5285
11	1	5	7	20	7107
10	0	5	8	31	30081
11	1	3	9	29	44049
10	0	4	10	11	31165
11	1	1	11	1	4256
10	0	4	12	3	13076
11	1	3	13	12	7450
10	0	2	14	19	14311
11	1	3	15	27	2345
10	0	5	16	32	12366
11	1	2	17	33	2127
10	0	5	18	4	19032
11	1	4	19	25	52993
10	0	2	20	24	26912
11	1	5	21	34	2596
10	0	2	22	16	24854
11	1	4	23	8	2272
10	0	2	24	17	29144
11	1	1	25	15	8927
10	0	4	26	5	8075
11	1	3	27	2	2410
10	0	2	28	9	42929
11	1	3	29	10	8930
10	0	3	30	28	18671
11	1	1	31	18	7833
10	0	2	32	0	2670
11	1	3	33	26	5742
10	0	1	34	35	1174
11	1	2	35	7	1064
11	0	2	0	22	1398
10	0	2	0	13	7120
11	1	3	1	20	2917
10	0	2	2	11	2599
11	1	4	3	12	7895
10	0	4	4	21	3231
11	1	1	5	4	18470
10	0	5	6	28	1336
11	1	5	7	31	16443
10	0	4	8	29	3265
11	1	4	9	5	6914
10	0	2	10	19	15247
11	1	5	11	3	4033
10	0	3	12	2	8993
11	1	1	13	6	1229
11	0	4	0	13	3503
10	1	1	1	12	2715
11	0	5	2	24	5111
10	1	1	3	21	1897
11	0	1	4	31	17138
10	1	2	5	22	3576
11	0	2	6	33	9582
10	1	2	7	32	16077
11	0	2	8	2	2912
10	1	4	9	14	10778
11	0	2	10	6	43441
10	1	4	11	23	3071
11	0	5	12	15	1638
10	0	3	0	13	7500
11	1	4	1	20	4500
10	0	5	2	21	10913
11	1	4	3	2	11039
10	0	1	4	11	1876
11	1	1	5	31	6813
10	0	5	6	12	7007
11	1	1	7	35	8610
10	0	1	8	10	1022
11	0	1	0	13	2533
10	1	5	1	23	7259
11	0	3	2	11	6351
10	1	3	3	21	7034
11	0	2	4	12	3999
10	1	1	5	5	1826
11	0	4	6	14	1276
10	0	1	0	21	3792
11	0	4	0	14	7975
10	1	5	1	22	2518
11	0	3	2	16	5663
10	1	3	3	15	4861
11	0	4	4	34	8993
10	1	2	5	24	14113
11	0	5	6	21	26720
10	1	3	7	25	29527
11	0	1	8	23	11948
10	1	3	9	33	85859
11	0	4	10	6	2802
10	1	4	11	10	39193
11	0	4	12	11	22317
10	1	2	13	13	27401
11	0	3	14	5	7924
10	1	4	15	32	35454
11	0	1	16	4	5408
10	1	4	17	7	8235
11	0	1	18	3	1658
10	0	2	0	13	3867
11	1	3	1	24	2892
10	0	5	2	21	3113
11	1	4	3	25	21679
10	0	4	4	23	5686
11	1	4	5	4	12329
10	0	3	6	5	35100
11	1	2	7	29	6624
10	0	4	8	3	21345
11	1	2	9	33	6978
10	0	2	10	14	50756
11	1	2	11	32	8278
10	0	4	12	12	2161
11	1	5	13	31	9031
10	0	3	14	11	1629
11	0	4	0	14	1775
10	1	3	1	13	5319
11	0	5	2	24	9430
10	1	3	3	23	4933
11	0	3	4	12	17830
10	1	3	5	21	20025
11	0	5	6	20	41631
10	1	1	7	4	9428
11	0	4	8	6	42922
10	1	5	9	3	36951
11	0	2	10	1	71492
10	1	5	11	33	3417
10	0	3	0	13	3631
11	1	1	1	22	6676
10	0	1	2	23	12807
11	1	2	3	15	12490
10	0	5	4	5	10984
11	1	5	5	19	12104
10	0	5	6	21	18932
11	1	2	7	29	1780
10	0	1	8	3	6323
11	1	5	9	33	14035
10	0	1	10	12	2228
11	1	3	11	24	9443
10	0	1	12	30	6110
12	0	3	0	27	6623
13	1	2	1	28	7224
12	0	5	2	18	26587
13	1	2	3	0	7765
12	0	2	4	9	6881
13	1	1	5	10	8444
12	0	3	6	20	6548
13	1	2	7	1	10239
12	0	1	8	19	3799
13	1	5	9	21	1804
12	0	3	10	29	6940
13	1	1	11	2	26083
12	0	2	12	3	3737
13	1	4	13	11	3800
12	0	4	14	12	7836
13	1	5	15	30	24048
12	0	3	16	31	4255
13	1	5	17	13	16713
12	0	5	18	4	9593
13	1	1	19	6	7849
12	0	5	20	14	8816
13	1	1	21	24	14427
12	0	3	22	23	8042
13	1	2	23	32	6942
12	0	5	24	15	8453
13	1	1	25	7	5065
12	0	1	26	16	10592
13	1	5	27	17	1702
12	0	2	28	5	8382
13	1	1	29	35	29137
12	0	4	30	26	4628
13	1	3	31	34	15796
12	0	4	32	33	4007
13	1	5	33	25	9042
12	0	1	34	8	8629
13	1	5	35	22	2879
13	0	2	0	27	46642
12	1	3	1	18	13634
13	0	3	2	11	10946
12	1	1	3	19	5005
13	0	4	4	20	1990
12	1	3	5	29	3923
13	0	3	6	10	5128
12	1	3	7	9	2827
13	0	3	8	21	21030
12	1	3	9	28	7040
13	0	1	10	12	9351
12	1	1	11	13	2827
13	0	1	12	31	4221
12	1	4	13	1	3956
13	0	3	14	30	8921
12	1	4	15	3	3557
13	0	5	16	2	4932
12	1	3	17	23	13786
13	0	3	18	33	3428
12	1	3	19	32	3532
13	0	3	20	5	8386
12	1	2	21	22	11839
13	0	1	22	24	5924
12	1	3	23	15	8053
13	0	4	24	6	7320
12	1	1	25	16	15924
13	0	2	26	14	2000
12	1	1	27	34	7628
13	0	2	28	7	9738
12	1	1	29	4	18127
13	0	5	30	8	1791
12	0	5	0	27	7025
13	1	3	1	25	13354
12	0	2	2	22	4844
13	1	5	3	14	17920
12	0	2	4	12	3532
13	1	3	5	32	9776
12	0	1	6	30	4409
13	1	3	7	21	4089
12	0	5	8	20	8387
13	1	3	9	28	8971
12	0	2	10	10	4825
13	1	2	11	0	1277
12	0	2	12	11	6568
13	1	4	13	9	16486
12	0	2	14	13	2392
13	0	4	0	27	5072
12	1	1	1	13	3312
13	0	5	2	11	16827
12	1	2	3	5	6034
13	0	2	4	21	5468
12	1	4	5	23	2237
13	0	4	6	14	9907
12	1	4	7	31	5231
13	0	2	8	15	12557
12	1	1	9	33	15392
13	0	2	10	3	3670
12	1	4	11	12	4014
13	0	4	12	19	4924
12	0	2	0	21	5746
13	1	1	1	30	5504
12	0	1	2	11	2638
13	1	1	3	31	4883
12	0	5	4	13	2013
13	1	3	5	12	6430
12	0	3	6	3	2368
13	1	4	7	29	6703
12	0	5	8	28	2360
13	1	5	9	32	1855
13	0	2	0	26	12659
12	1	5	1	25	4288
13	0	2	2	24	22368
12	1	2	3	14	1927
13	0	3	4	16	10753
12	1	1	5	15	8934
13	0	4	6	13	7927
12	1	5	7	35	3538
13	0	2	8	5	1206
12	1	5	9	8	7724
13	0	4	10	22	21137
12	1	3	11	31	3059
13	0	3	12	21	7939
12	1	4	13	23	10830
13	0	5	14	29	2060
12	0	4	0	22	3110
13	1	4	1	1	24360
12	0	2	2	7	2770
13	1	2	3	4	12448
12	0	3	4	12	3025
13	1	3	5	2	13771
12	0	3	6	3	2563
13	1	5	7	21	3951
12	0	2	8	14	11050
13	1	1	9	13	14117
12	0	2	10	30	4173
13	1	4	11	6	1852
12	0	3	12	24	18734
13	1	4	13	23	16190
12	0	1	14	32	21721
13	1	2	15	31	8814
12	0	2	16	15	14123
13	1	2	17	16	9196
12	0	4	18	33	7798
13	1	1	19	35	18497
12	0	1	20	11	3335
13	1	1	21	10	17149
12	0	2	22	19	7849
13	1	5	23	27	5741
12	0	5	24	29	14369
13	1	1	25	17	25461
12	0	5	26	26	5945
13	1	5	27	5	11230
12	0	2	28	25	6077
13	1	5	29	18	2020
12	0	1	30	20	3081
13	1	4	31	34	5096
12	0	4	32	28	2151
13	1	3	33	9	5911
12	0	5	34	0	2178
13	1	5	35	8	927
13	0	3	0	27	12484
12	1	5	1	19	5646
13	0	1	2	28	18352
12	1	1	3	29	1600
13	0	5	4	20	8260
12	1	2	5	12	2524
13	0	3	6	11	9523
12	1	1	7	2	2282
13	0	1	8	22	5610
12	1	4	9	21	7684
13	0	2	10	3	4829
12	1	3	11	4	7453
13	0	5	12	10	6219
12	1	1	13	9	3746
13	0	3	14	0	6469
12	1	2	15	30	7773
13	0	4	16	32	35345
12	1	4	17	24	3808
13	0	4	18	31	4806
12	1	3	19	13	3278
13	0	1	20	14	8498
12	1	3	21	23	2257
13	0	3	22	5	5635
12	1	4	23	25	2406
13	0	1	24	26	1601
12	1	3	25	33	2785
13	0	3	26	15	7487
12	1	1	27	16	5371
13	0	4	28	7	3450
12	1	2	29	8	9810
13	0	1	30	17	19765
12	1	1	31	6	2148
13	0	4	32	34	1054
12	1	2	33	35	2963
13	0	1	34	18	2415
12	1	1	35	1	1492
12	0	5	0	27	2954
13	1	3	1	19	6570
12	0	3	2	11	1669
13	1	4	3	3	2960
12	0	5	4	13	1986
13	1	2	5	23	1865
12	0	4	6	21	2858
13	1	1	7	12	1324
12	0	4	8	20	1980
13	1	2	9	2	27947
12	0	4	10	4	2317
13	1	5	11	1	16289
12	0	3	12	0	1457
13	1	3	13	22	6129
12	0	4	14	10	2280
13	1	5	15	30	2484
12	0	1	16	14	7675
13	1	2	17	24	13325
12	0	2	18	25	2748
13	1	2	19	5	11698
12	0	1	20	32	2520
13	1	4	21	15	9898
12	0	3	22	31	4227
13	1	1	23	33	6508
12	0	5	24	6	2146
13	1	3	25	9	8038
12	0	5	26	16	16584
13	1	2	27	7	3133
12	0	5	28	35	3585
13	1	4	29	17	6508
12	0	4	30	26	3852
13	1	4	31	34	6944
12	0	2	32	8	3060
13	1	2	33	29	1095
12	0	1	34	28	2975
13	1	4	35	18	669
13	0	2	0	27	6911
12	1	3	1	19	3194
13	0	3	2	28	9184
12	1	5	3	11	3017
13	0	4	4	12	6247
12	1	5	5	22	1968
13	0	4	6	21	4376
12	1	2	7	30	1407
13	0	5	8	20	4337
12	1	2	9	29	2355
13	0	4	10	4	1660
12	0	5	0	22	2770
13	1	4	1	27	5670
12	0	1	2	19	2439
13	1	5	3	20	5342
12	0	4	4	11	1624
13	1	3	5	12	12038
12	0	2	6	1	4609
13	1	2	7	4	9948
12	0	2	8	28	2972
13	1	1	9	10	2308
12	0	1	10	21	3980
13	1	4	11	31	2332
12	0	4	12	29	6835
13	1	2	13	0	20042
12	0	4	14	30	2145
13	1	5	15	5	15065
12	0	2	16	3	3085
13	1	3	17	23	13476
12	0	4	18	14	1370
13	1	5	19	7	19183
12	0	3	20	6	2573
13	0	1	0	27	8707
12	1	3	1	21	3916
13	0	2	2	20	9816
12	1	4	3	11	2773
13	0	5	4	31	5535
12	1	5	5	13	1286
13	0	5	6	12	6444
12	1	5	7	29	76
13	0	2	8	5	1082
12	1	3	9	22	3088
13	0	5	10	23	5461
12	1	3	11	3	1742
13	0	1	12	4	6297
12	1	5	13	2	2020
13	0	4	14	28	1582
12	0	2	0	22	1788
13	1	3	1	27	3870
12	0	1	2	28	1713
13	1	5	3	19	3042
12	0	4	4	11	1234
13	1	3	5	21	9553
12	0	4	6	20	1191
13	1	1	7	12	1661
12	0	4	8	3	2731
13	1	5	9	2	11487
12	0	5	10	1	1542
13	1	4	11	13	24972
12	0	1	12	14	4949
13	1	1	13	5	7342
12	0	4	14	29	3001
13	1	1	15	30	2923
12	0	3	16	4	5728
13	1	1	17	34	9987
12	0	4	18	24	3696
13	1	3	19	25	24142
12	0	5	20	16	2000
13	1	4	21	32	14947
12	0	4	22	15	12145
13	1	2	23	17	1517
12	0	2	24	31	6447
13	1	5	25	33	14338
12	0	5	26	35	3879
13	1	1	27	7	14083
12	0	1	28	6	3231
13	1	3	29	9	12226
12	0	1	30	26	4825
13	1	2	31	0	2926
12	0	5	32	23	2276
13	1	1	33	18	1153
14	0	1	0	23	5823
15	1	3	1	12	6287
14	0	5	2	13	4808
15	1	5	3	3	3927
14	0	4	4	31	700
15	1	5	5	22	6280
14	0	4	6	33	3394
15	1	2	7	20	2952
14	0	4	8	15	6262
15	1	1	9	21	1593
14	0	1	10	7	1670
15	0	4	0	22	4208
14	1	4	1	14	1888
15	0	1	2	12	1964
14	1	1	3	32	2649
15	0	3	4	23	2676
14	1	2	5	24	1151
15	0	1	6	34	3525
14	1	4	7	16	1721
15	0	3	8	8	1633
14	1	3	9	15	3487
15	0	2	10	17	2418
14	1	1	11	13	741
14	0	2	0	23	3428
15	1	4	1	21	5201
14	0	5	2	31	2211
15	1	1	3	15	1903
14	0	3	4	33	1099
15	1	3	5	32	1729
14	0	2	6	13	1974
15	1	2	7	3	2579
14	0	1	8	22	3375
15	1	3	9	4	1697
14	0	1	10	24	1027
15	1	4	11	25	2473
14	0	2	12	5	7580
15	1	1	13	7	10443
14	0	2	14	14	14282
15	1	2	15	12	13484
14	0	3	16	30	5416
15	1	3	17	34	4693
14	0	2	18	6	6622
15	0	3	0	12	6587
14	1	3	1	24	1810
15	0	4	2	23	3949
14	1	2	3	14	938
15	0	4	4	34	1776
14	1	1	5	16	4427
15	0	5	6	21	3916
14	1	1	7	8	970
15	0	5	8	32	1398
14	1	4	9	15	745
15	0	4	10	17	1497
14	1	2	11	13	970
14	0	5	0	14	6045
15	1	4	1	22	2757
14	0	4	2	24	6310
15	1	5	3	34	5427
14	0	5	4	16	935
15	1	1	5	17	6300
14	0	1	6	32	2192
15	1	5	7	8	2343
14	0	3	8	15	5973
15	1	3	9	13	1954
14	0	2	10	33	3945
15	1	5	11	6	1880
14	0	1	12	23	4943
15	1	3	13	5	1849
14	0	3	14	7	5944
15	1	1	15	4	8765
14	0	5	16	31	2343
15	0	2	0	11	5124
14	1	5	1	14	1485
15	0	4	2	21	3766
14	1	2	3	22	4947
15	0	1	4	12	4551
14	1	5	5	24	2794
15	0	2	6	13	4056
14	1	1	7	10	3596
15	0	5	8	4	2630
14	1	1	9	23	4786
15	0	3	10	25	2277
14	1	3	11	30	15065
15	0	4	12	6	8089
14	1	1	13	5	3699
15	0	1	14	32	3315
14	1	4	15	20	6290
15	0	2	16	0	4010
14	1	4	17	31	14050
15	0	1	18	29	5601
14	1	4	19	16	8777
15	0	3	20	15	4339
14	1	5	21	33	10755
15	0	2	22	2	15939
14	1	3	23	1	18268
15	0	4	24	28	2111
14	1	5	25	8	3493
15	0	2	26	26	4839
14	1	4	27	18	6997
15	0	3	28	19	2078
14	1	3	29	3	2821
15	0	1	30	9	4688
14	1	5	31	34	7143
15	0	3	32	35	2794
14	1	5	33	17	928
15	0	2	34	27	2064
14	1	3	35	7	1685
14	0	5	0	23	2557
15	1	2	1	14	3079
14	0	3	2	13	1803
15	1	3	3	33	1804
14	0	4	4	21	10980
15	1	4	5	22	2301
14	0	4	6	11	3210
15	1	3	7	30	12314
14	0	5	8	6	2929
15	1	2	9	31	5942
14	0	1	10	32	1175
15	1	4	11	12	7579
14	0	3	12	19	18320
15	1	5	13	29	3368
14	0	4	14	3	7785
15	1	3	15	28	1878
15	0	5	0	22	2579
14	1	3	1	14	2232
15	0	4	2	12	5875
14	1	5	3	32	2132
15	0	1	4	23	6104
14	1	5	5	24	923
15	0	5	6	16	4210
14	1	1	7	34	972
15	0	2	8	4	3265
14	1	5	9	33	470
15	0	3	10	31	2581
14	1	5	11	35	1370
14	0	1	0	23	2565
15	1	4	1	13	1743
14	0	3	2	15	5800
15	1	1	3	31	1682
14	0	4	4	25	1219
15	1	5	5	24	6669
14	0	5	6	5	16725
15	1	5	7	35	1961
14	0	4	8	7	9773
15	1	4	9	22	11080
14	0	5	10	4	3142
15	1	2	11	6	2672
14	0	1	12	14	17945
15	1	3	13	32	2630
14	0	1	14	16	683
15	1	5	15	34	1834
14	0	4	16	17	619
15	0	1	0	16	5459
14	1	3	1	19	5680
15	0	5	2	24	6199
14	1	2	3	21	1092
15	0	1	4	14	5623
14	1	3	5	20	7109
15	0	2	6	22	1516
14	1	2	7	18	1240
14	0	3	0	19	2416
15	1	2	1	29	1937
14	0	1	2	21	1694
15	1	2	3	20	1676
14	0	1	4	11	1603
15	1	3	5	12	2103
14	0	5	6	1	1706
15	1	5	7	31	1301
14	0	3	8	3	8500
15	1	1	9	28	5873
14	0	5	10	30	8340
15	1	1	11	4	1498
15	0	2	0	22	5008
14	1	4	1	19	7365
15	0	1	2	20	5433
14	1	3	3	21	1891
15	0	3	4	30	4001
14	1	1	5	11	10229
15	0	2	6	12	7302
14	1	4	7	32	13052
15	0	2	8	28	6236
14	1	4	9	4	1568
15	0	2	10	29	2534
14	1	2	11	31	1310
15	0	5	12	27	1222
14	0	4	0	13	2743
15	1	1	1	31	2751
14	0	1	2	23	2133
15	1	1	3	33	2678
14	0	5	4	32	20027
15	1	4	5	14	7250
14	0	3	6	21	1117
15	1	2	7	22	9625
14	0	2	8	29	9734
15	1	5	9	5	2848
14	0	2	10	11	8330
15	1	3	11	30	13777
14	0	1	12	6	5638
15	1	4	13	2	10118
14	0	5	14	19	23434
15	1	5	15	20	12023
14	0	4	16	3	4692
15	1	5	17	27	2030
14	0	2	18	10	8426
15	1	4	19	12	1789
14	0	3	20	1	4727
15	1	5	21	28	2327
14	0	1	22	4	1773
15	1	4	23	9	17861
14	0	2	24	24	54
15	1	1	25	0	3333
14	0	3	26	18	582
15	1	1	27	16	3111
14	0	2	28	26	3097
15	1	1	29	8	3081
14	0	1	30	25	1478
15	0	3	0	22	3349
14	1	2	1	13	4117
15	0	5	2	24	5417
14	1	4	3	23	2050
15	0	4	4	33	6225
14	1	2	5	14	4714
15	0	1	6	32	7163
14	1	4	7	31	7519
15	0	4	8	15	2989
14	1	3	9	6	2289
15	0	4	10	12	9279
14	1	5	11	21	19852
15	0	5	12	2	1431
14	0	4	0	22	3317
15	1	2	1	31	1941
14	0	2	2	13	1822
15	1	4	3	23	3810
14	0	2	4	15	2480
15	1	4	5	14	5885
14	0	2	6	32	9680
15	1	2	7	21	9013
14	0	2	8	11	6608
15	1	3	9	12	3154
14	0	1	10	24	17206
15	1	1	11	30	12852
14	0	4	12	3	2100
15	1	1	13	29	2728
14	0	3	14	28	2538
15	1	1	15	20	10051
14	0	1	16	19	5198
15	1	3	17	10	1828
14	0	2	18	27	1825
15	0	2	0	11	4028
14	1	5	1	24	5338
15	0	3	2	13	5122
14	1	5	3	25	6832
15	0	1	4	23	2248
14	1	3	5	14	4523
15	0	3	6	33	4724
14	1	3	7	3	1601
15	0	2	8	4	5023
14	1	5	9	12	7480
15	0	2	10	21	2878
14	1	1	11	5	7979
15	0	3	12	22	1245
14	1	2	13	31	10622
15	0	4	14	20	1201
14	0	5	0	4	6051
15	1	5	1	20	2604
14	0	3	2	13	935
15	1	1	3	22	1339
14	0	2	4	21	6035
15	1	2	5	14	3968
14	0	3	6	5	3865
15	1	5	7	29	2605
14	0	5	8	11	7019
15	1	2	9	12	3769
14	0	2	10	3	1768
15	1	3	11	2	1480
14	0	5	12	32	3627
15	1	4	13	6	1299
14	0	3	14	30	3736
15	1	3	15	33	12404
14	0	3	16	19	15462
15	1	1	17	27	2327
14	0	3	18	1	3585
15	1	4	19	31	1646
14	0	1	20	24	11510
15	1	4	21	8	14021
14	0	4	22	35	3612
15	1	1	23	16	5248
14	0	5	24	15	7778
15	1	2	25	34	6200
14	0	3	26	25	1845
15	0	5	0	10	6597
14	1	4	1	24	8043
15	0	1	2	30	2269
14	1	5	3	4	2306
15	0	1	4	27	6085
14	1	1	5	8	6315
15	0	2	6	12	8930
14	1	3	7	32	12476
15	0	3	8	16	2494
14	1	3	9	14	4047
15	0	5	10	34	2172
14	1	2	11	22	8132
15	0	5	12	23	5940
14	1	1	13	6	8993
15	0	5	14	7	7290
14	1	5	15	25	4473
15	0	3	16	11	12097
14	1	2	17	15	17416
15	0	5	18	13	1346
14	0	4	0	23	6135
15	1	1	1	11	1600
14	0	3	2	25	751
15	1	5	3	24	2116
14	0	4	4	20	7493
15	1	2	5	13	5002
14	0	4	6	12	1422
15	1	1	7	4	4959
14	0	1	8	22	1354
15	1	2	9	21	2294
14	0	2	10	32	971
15	1	3	11	2	2318
14	0	4	12	14	982
15	1	5	13	5	1759
14	0	1	14	3	3254
15	1	2	15	30	5840
14	0	5	16	29	14513
15	1	3	17	31	7518
14	0	2	18	1	2970
15	1	3	19	6	4870
14	0	2	20	7	1320
15	1	4	21	33	3112
14	0	2	22	15	832
15	1	2	23	16	1785
14	0	5	24	19	11052
15	1	4	25	10	6151
14	0	4	26	9	6724
15	1	4	27	27	4552
14	0	1	28	18	7286
15	1	4	29	0	2655
14	0	1	30	28	3881
15	1	1	31	17	1916
14	0	1	32	34	1544
15	1	5	33	26	973
14	0	5	34	35	858
15	1	4	35	8	1428
15	0	5	0	11	3376
14	1	4	1	13	1008
15	0	5	2	31	2517
14	1	3	3	15	3453
15	0	3	4	29	8029
14	1	2	5	14	2874
15	0	4	6	16	2818
14	1	4	7	12	1310
14	0	2	0	22	7556
15	1	1	1	15	81
14	0	4	2	24	2991
15	1	5	3	23	4741
14	0	4	4	14	4427
15	1	2	5	13	3550
14	0	2	6	32	15839
15	1	4	7	16	6216
14	0	3	8	34	4885
15	1	4	9	4	2076
14	0	5	10	33	1465
15	1	3	11	31	3277
14	0	1	12	35	1884
16	0	3	0	0	9405
17	1	5	1	22	7848
16	0	4	2	10	14840
17	1	3	3	20	4209
16	0	3	4	21	1609
17	1	2	5	4	17030
16	0	1	6	31	8378
17	1	1	7	11	10100
16	0	4	8	8	6751
17	1	1	9	28	25445
16	0	2	10	12	2760
17	1	2	11	3	16266
16	0	4	12	23	6012
17	1	5	13	15	4958
16	0	3	14	30	14503
17	1	5	15	29	19886
16	0	1	16	2	3610
17	1	2	17	32	7485
17	0	5	0	8	4816
16	1	3	1	12	4945
17	0	5	2	32	10130
16	1	1	3	4	7039
17	0	4	4	5	5956
16	1	2	5	2	2788
17	0	3	6	35	14319
16	1	5	7	11	5138
17	0	1	8	15	16355
16	1	4	9	25	4689
17	0	3	10	23	11356
16	1	3	11	14	2018
17	0	1	12	13	5443
16	1	5	13	19	12145
17	0	4	14	31	27551
16	1	1	15	3	7546
17	0	1	16	7	1686
16	0	1	0	30	6869
17	1	1	1	8	5491
16	0	2	2	21	7384
17	1	5	3	32	9231
16	0	1	4	11	4187
17	1	3	5	5	7448
16	0	3	6	35	3921
17	1	5	7	16	6700
16	0	1	8	24	4873
17	1	2	9	6	18954
16	0	1	10	7	3154
17	1	3	11	3	12995
16	0	3	12	4	3158
17	1	3	13	14	8313
16	0	5	14	23	1565
17	1	3	15	22	2568
16	0	2	16	12	5744
17	1	4	17	13	34831
16	0	3	18	15	3546
17	1	3	19	28	13101
16	0	4	20	31	2156
17	0	4	0	4	5436
16	1	5	1	0	2868
17	0	2	2	34	7845
16	1	5	3	27	1819
17	0	3	4	28	7466
16	1	2	5	3	7601
17	0	2	6	14	7046
16	1	3	7	24	3181
17	0	1	8	31	6695
16	1	4	9	22	4311
17	0	4	10	29	10640
16	1	3	11	30	3288
17	0	2	12	7	8640
16	1	5	13	25	6182
17	0	2	14	23	2475
16	1	4	15	21	4862
17	0	5	16	15	3384
16	0	3	0	13	2231
17	1	2	1	27	3640
16	0	3	2	29	3441
17	1	3	3	35	11659
16	0	5	4	5	5088
17	1	5	5	21	1689
16	0	1	6	4	3214
17	1	4	7	31	13098
16	0	2	8	22	2433
17	1	4	9	1	21232
16	0	4	10	11	1332
17	1	2	11	0	28167
16	0	3	12	30	2434
17	1	4	13	32	22724
16	0	4	14	6	4609
17	1	4	15	3	6865
16	0	5	16	7	1630
17	0	1	0	8	3434
16	1	1	1	34	3414
17	0	5	2	5	8877
16	1	5	3	4	13572
17	0	2	4	14	8425
16	1	5	5	31	1966
17	0	4	6	7	15687
16	1	2	7	6	1923
17	0	1	8	24	8756
16	1	1	9	32	9466
17	0	3	10	33	1677
16	1	2	11	22	1795
17	0	4	12	13	2197
16	1	3	13	2	3316
17	0	1	14	12	3888
16	1	4	15	11	1336
17	0	2	16	15	1235
16	0	2	0	27	3887
17	1	4	1	32	4483
16	0	2	2	18	8019
17	1	2	3	31	2019
16	0	2	4	19	4095
17	1	3	5	33	3588
16	0	1	6	30	3276
17	1	2	7	34	1713
17	0	1	0	4	3772
16	1	2	1	13	2729
17	0	5	2	20	2726
16	1	5	3	12	1988
17	0	5	4	24	3986
16	1	2	5	14	3387
16	0	1	0	28	5355
17	1	2	1	35	8370
16	0	3	2	20	3838
17	1	3	3	5	7006
16	0	3	4	15	3871
17	1	1	5	4	12788
16	0	2	6	30	13037
17	1	3	7	6	10410
16	0	5	8	3	21445
17	1	1	9	7	1704
17	0	3	0	33	5718
16	1	5	1	32	2807
17	0	4	2	3	7970
16	1	1	3	23	2828
17	0	5	4	4	10350
16	1	5	5	5	4035
17	0	5	6	14	2011
16	1	4	7	24	8112
17	0	2	8	2	11590
16	1	1	9	1	2337
17	0	2	10	13	14979
16	1	5	11	15	12205
17	0	5	12	12	6063
16	1	5	13	11	2069
17	0	4	14	28	31571
16	1	2	15	20	2559
16	0	5	0	13	11003
17	1	3	1	31	10210
16	0	1	2	22	5076
17	1	1	3	32	3692
16	0	2	4	21	2942
17	1	5	5	30	4681
16	0	4	6	29	5623
17	1	1	7	33	1319
17	0	2	0	8	3217
16	1	3	1	16	5988
17	0	4	2	31	10337
16	1	3	3	17	2557
17	0	5	4	32	2813
16	1	3	5	33	3961
17	0	1	6	7	12129
16	1	2	7	15	5119
17	0	2	8	14	4369
16	1	5	9	24	3670
17	0	4	10	6	4373
16	1	3	11	5	1550
17	0	3	12	30	7394
16	1	4	13	29	2242
17	0	1	14	22	1905
16	0	2	0	19	5617
17	1	3	1	31	5209
16	0	5	2	11	11061
17	1	4	3	30	4400
16	0	4	4	29	11761
17	1	3	5	0	13314
16	0	1	6	20	5243
17	1	1	7	2	8458
16	0	5	8	21	2154
17	1	1	9	22	62562
16	0	2	10	18	2731
17	0	2	0	4	13900
16	1	2	1	3	3214
17	0	3	2	34	3804
16	1	1	3	14	4716
17	0	5	4	28	2243
16	1	1	5	13	1793
17	0	5	6	31	13520
16	1	2	7	23	9406
17	0	3	8	33	3824
16	1	3	9	32	1415
17	0	4	10	5	3657
16	1	3	11	12	5920
17	0	5	12	11	15285
16	1	2	13	15	1869
16	0	3	0	21	3989
17	1	4	1	4	8138
16	0	1	2	31	5619
17	1	5	3	3	3679
16	0	5	4	30	1138
17	1	1	5	2	4834
16	0	5	6	1	2347
17	1	4	7	5	1502
17	0	5	0	13	9122
16	1	4	1	22	5722
17	0	3	2	12	1855
16	1	1	3	14	1117
17	0	2	4	28	18551
16	1	4	5	5	9544
17	0	1	6	11	6472
16	1	4	7	10	1755
17	0	1	8	20	10332
16	1	1	9	4	2259
17	0	4	10	19	14970
16	1	4	11	2	5742
17	0	4	12	3	4873
16	1	2	13	21	2483
17	0	1	14	27	2757
16	0	1	0	13	5398
17	1	2	1	4	8820
16	0	4	2	29	8220
17	1	4	3	3	3519
16	0	3	4	2	5764
17	1	3	5	34	18855
16	0	4	6	5	3475
17	1	3	7	21	7616
16	0	1	8	12	7564
17	1	1	9	24	19653
16	0	4	10	14	1199
17	1	2	11	11	14375
16	0	1	12	15	1812
17	0	5	0	22	7939
16	1	5	1	18	10106
17	0	4	2	20	4621
16	1	5	3	21	5242
17	0	3	4	32	8879
16	1	4	5	2	7623
17	0	2	6	24	8869
16	1	4	7	23	4253
17	0	1	8	14	18660
16	1	1	9	4	4275
17	0	4	10	30	8799
16	1	3	11	8	5661
17	0	1	12	6	1845
16	0	5	0	0	2355
17	1	5	1	31	7936
16	0	4	2	9	6716
17	1	2	3	30	3426
16	0	4	4	29	1705
17	1	4	5	35	46054
16	0	2	6	22	10531
17	1	2	7	5	18951
16	0	2	8	32	2589
17	1	1	9	2	9325
16	0	3	10	25	24994
17	1	5	11	12	26853
16	0	2	12	21	9853
17	1	5	13	20	40230
16	0	4	14	23	3866
17	1	3	15	24	4435
16	0	5	16	28	9071
18	0	3	0	10	58703
19	1	2	1	31	6240
18	0	2	2	30	5134
19	1	1	3	20	3058
18	0	1	4	28	5356
19	1	4	5	21	6851
18	0	4	6	29	12530
19	1	4	7	27	2694
18	0	1	8	19	8419
19	1	2	9	1	1971
18	0	5	10	11	6430
19	1	1	11	22	9853
18	0	3	12	23	1922
19	1	5	13	13	19075
18	0	2	14	4	1902
19	1	1	15	32	35585
18	0	1	16	12	28028
19	1	3	17	16	31304
18	0	5	18	9	2200
19	0	4	0	22	8166
18	1	5	1	13	9522
19	0	4	2	19	10129
18	1	2	3	21	2640
19	0	1	4	29	5333
18	1	2	5	11	6536
19	0	2	6	31	9233
18	1	3	7	12	10720
19	0	1	8	10	2669
18	1	5	9	14	1201
18	0	4	0	22	4033
19	1	1	1	21	9255
18	0	3	2	12	14806
19	1	1	3	32	5724
18	0	3	4	14	8739
19	1	4	5	13	2530
18	0	3	6	30	10800
19	1	4	7	6	4100
18	0	1	8	20	16820
19	1	1	9	29	24241
18	0	3	10	5	2392
19	1	2	11	31	23572
18	0	1	12	10	16068
19	1	5	13	0	6659
18	0	4	14	11	4569
19	1	3	15	9	9227
18	0	3	16	28	42714
19	1	5	17	4	8262
18	0	4	18	27	7472
19	1	5	19	19	26932
18	0	4	20	25	39628
19	1	4	21	23	11996
18	0	2	22	33	6111
19	1	2	23	15	44437
18	0	5	24	7	2949
19	1	5	25	16	10412
19	0	5	0	20	1852
18	1	4	1	11	6826
19	0	2	2	28	8821
18	1	3	3	12	4527
19	0	1	4	10	9794
18	1	3	5	19	6709
19	0	2	6	30	6817
18	1	5	7	0	2463
19	0	5	8	27	7430
18	1	4	9	29	2294
19	0	3	10	22	16678
18	1	2	11	14	21716
19	0	4	12	13	4140
18	1	2	13	4	51994
19	0	3	14	33	46760
18	1	1	15	23	18634
19	0	3	16	32	24030
18	1	1	17	31	2703
19	0	5	18	24	20119
18	1	4	19	15	26706
19	0	3	20	7	4715
18	1	1	21	5	50720
19	0	2	22	3	49091
18	1	3	23	16	19794
19	0	3	24	17	3844
18	1	1	25	25	1406
19	0	4	26	35	5650
18	1	5	27	34	4561
19	0	2	28	26	17444
18	1	5	29	8	3056
18	0	3	0	22	5135
19	1	4	1	14	6878
18	0	1	2	12	21240
19	1	3	3	32	4658
18	0	1	4	20	18893
19	1	5	5	23	4600
18	0	3	6	5	3808
19	1	2	7	4	20718
18	0	3	8	11	33964
19	1	3	9	31	5216
18	0	1	10	10	16761
19	1	3	11	9	1718
18	0	5	12	13	1204
19	0	3	0	22	11329
18	1	3	1	12	7897
19	0	4	2	23	10033
18	1	5	3	21	10259
19	0	4	4	31	16145
18	1	1	5	13	13403
19	0	2	6	14	32286
18	1	4	7	5	33585
19	0	1	8	29	5394
18	1	3	9	30	2586
19	0	1	10	3	4672
18	1	5	11	20	55906
19	0	3	12	24	27017
18	1	5	13	25	2829
19	0	1	14	15	20532
18	1	3	15	7	5001
19	0	3	16	34	9258
18	1	4	17	4	5955
19	0	5	18	6	2751
18	1	2	19	33	6472
19	0	2	20	28	16653
18	1	3	21	10	4395
19	0	5	22	11	2361
18	1	5	23	0	2112
18	0	5	0	22	5647
19	1	2	1	14	12443
18	0	3	2	23	31555
19	1	3	3	24	7187
18	0	4	4	12	5133
19	1	5	5	32	6784
18	0	1	6	20	29012
19	1	4	7	4	17101
18	0	4	8	21	4778
19	0	4	0	23	5836
18	1	4	1	13	19606
19	0	1	2	24	18693
18	1	2	3	22	3951
19	0	3	4	31	4030
18	1	5	5	12	21028
19	0	1	6	14	9683
18	1	4	7	32	32232
19	0	5	8	2	4977
18	1	2	9	4	39008
19	0	2	10	15	44883
18	1	5	11	7	2906
19	0	1	12	6	7213
18	1	2	13	33	3365
19	0	4	14	35	8327
18	1	4	15	25	4424
19	0	3	16	16	9990
18	1	5	17	17	2429
19	0	1	18	28	13689
18	1	1	19	10	16369
19	0	5	20	11	6084
18	1	2	21	20	9540
19	0	4	22	30	20118
18	1	1	23	29	3011
19	0	2	24	1	35022
18	1	1	25	21	3460
19	0	2	26	19	1431
18	1	2	27	5	2325
18	0	1	0	13	6756
19	1	2	1	24	2856
18	0	2	2	21	13107
19	1	4	3	29	3027
18	0	1	4	11	5272
19	1	2	5	31	11923
18	0	2	6	12	2753
19	1	5	7	14	22469
18	0	4	8	10	2113
19	0	1	0	23	2719
18	1	2	1	13	7161
19	0	3	2	21	12500
18	1	4	3	22	3778
19	0	3	4	31	3880
18	1	3	5	11	7061
19	0	5	6	15	10969
18	1	2	7	7	2641
19	0	2	8	14	6456
18	1	2	9	5	33655
19	0	1	10	6	18271
18	1	5	11	24	32999
19	0	4	12	32	30152
18	1	4	13	12	50527
19	0	3	14	10	9734
18	1	2	15	30	10832
19	0	5	16	19	42308
18	1	1	17	28	24769
19	0	3	18	20	26514
18	1	5	19	18	3625
19	0	5	20	33	46656
18	1	5	21	34	2788
19	0	2	22	16	26312
18	1	4	23	17	2087
19	0	1	24	4	25287
18	1	3	25	27	19829
19	0	1	26	29	3968
18	0	2	0	13	20330
19	1	4	1	23	5118
18	0	2	2	31	29915
19	1	4	3	22	7439
18	0	4	4	21	1848
19	1	5	5	5	14287
18	0	5	6	11	7684
19	1	1	7	1	2586
18	0	4	8	12	2246
19	1	5	9	14	4809
18	0	1	10	10	1480
20	0	2	0	31	2806
21	0	1	0	13	13161
20	1	2	1	12	4955
21	0	5	2	21	6834
20	1	4	3	22	6285
21	0	3	4	32	8449
20	1	3	5	14	6708
21	0	1	6	23	3669
20	1	4	7	6	13199
21	0	4	8	30	3188
20	1	1	9	31	3781
21	0	3	10	3	9464
20	1	2	11	33	5083
21	0	1	12	2	8097
20	1	2	13	24	8550
21	0	3	14	4	10182
20	1	1	15	15	1430
20	0	2	0	22	3003
21	1	1	1	25	4440
20	0	4	2	13	12705
21	1	3	3	4	5891
20	0	1	4	12	9016
21	1	4	5	24	2598
20	0	2	6	23	8340
21	1	5	7	14	8775
20	0	3	8	34	2407
21	1	4	9	33	6264
20	0	5	10	32	14015
21	1	5	11	2	11309
20	0	5	12	21	8516
21	1	3	13	20	3382
20	0	1	14	3	11341
21	1	1	15	30	3098
20	0	4	16	29	15323
21	1	4	17	5	4798
20	0	2	18	11	11436
21	1	2	19	10	5197
20	0	5	20	0	7531
21	1	2	21	1	21260
20	0	5	22	15	4302
21	1	4	23	31	10363
20	0	5	24	19	2748
21	1	5	25	27	2856
21	0	4	0	22	6040
20	1	3	1	13	134
21	0	3	2	21	1484
20	1	2	3	23	4054
21	0	1	4	20	2904
20	1	4	5	19	1741
21	0	2	6	10	9446
20	1	5	7	3	3359
21	0	2	8	33	2228
20	1	1	9	11	3437
21	0	5	10	27	2640
20	1	4	11	30	1633
21	0	5	12	12	7717
20	1	2	13	4	10214
21	0	4	14	14	17670
20	1	3	15	5	3036
21	0	4	16	6	2933
20	1	5	17	2	2683
20	0	5	0	22	1785
21	1	1	1	14	1580
20	0	1	2	12	7128
21	1	5	3	2	4580
20	0	2	4	4	6747
21	1	3	5	20	4852
20	0	2	6	13	3913
21	1	2	7	31	2299
20	0	5	8	11	5257
21	1	4	9	10	2004
20	0	3	10	30	3430
21	1	2	11	23	14210
20	0	2	12	21	8218
21	1	5	13	3	2218
20	0	3	14	5	5074
21	1	4	15	15	16239
20	0	1	16	29	2716
21	0	1	0	3	3980
20	1	2	1	13	5178
21	0	2	2	4	3430
20	1	5	3	5	1533
21	0	3	4	12	2044
20	1	4	5	21	2649
21	0	4	6	29	2539
20	1	5	7	20	1736
21	0	3	8	11	4560
20	1	2	9	19	3399
21	0	3	10	22	6274
20	1	3	11	18	1698
20	0	3	0	22	1932
21	1	5	1	23	1751
20	0	4	2	14	2600
21	1	1	3	15	3528
20	0	5	4	6	3907
21	1	5	5	16	3586
20	0	3	6	30	3433
21	0	1	0	13	1424
20	1	3	1	23	1485
21	0	4	2	12	2193
20	1	1	3	14	1073
21	0	1	4	5	2314
20	1	1	5	21	3218
21	0	3	6	20	5702
20	1	1	7	4	7847
21	0	1	8	22	9140
20	1	3	9	24	4102
21	0	3	10	34	2579
20	1	5	11	31	7987
21	0	4	12	32	4428
20	1	2	13	2	2584
21	0	2	14	33	9575
20	1	1	15	35	2025
21	0	5	16	11	6111
20	1	3	17	10	2598
21	0	5	18	19	6987
20	1	1	19	3	4461
21	0	2	20	1	2674
20	1	5	21	15	2345
21	0	5	22	7	7314
20	1	3	23	16	7228
21	0	3	24	17	2270
20	1	1	25	25	2504
21	0	2	26	26	6380
20	1	4	27	29	16324
21	0	2	28	8	30625
20	1	4	29	6	2682
21	0	1	30	30	6232
20	1	4	31	28	6428
21	0	5	32	27	2853
20	1	2	33	18	3432
21	0	4	34	9	2951
20	1	2	35	0	740
20	0	5	0	22	3441
21	1	2	1	23	4019
20	0	3	2	14	2160
21	1	5	3	15	7233
20	0	2	4	6	8438
21	1	3	5	30	2608
20	0	4	6	31	4442
21	1	1	7	13	4696
20	0	4	8	12	9191
21	1	5	9	21	6798
20	0	5	10	3	9341
21	1	1	11	5	14922
20	0	4	12	29	2478
21	1	2	13	11	7385
20	0	3	14	2	8326
21	1	1	15	1	13047
20	0	3	16	32	2892
21	0	1	0	12	1988
20	1	1	1	22	123
21	0	1	2	13	2129
20	1	3	3	14	1965
21	0	1	4	11	5642
20	1	3	5	10	1683
21	0	4	6	20	2489
20	1	2	7	30	5476
21	0	2	8	6	2321
20	1	1	9	4	7502
21	0	3	10	2	20403
20	1	5	11	29	3862
21	0	1	12	21	16236
20	1	1	13	24	10440
21	0	5	14	34	3722
20	1	4	15	23	3335
21	0	5	16	25	3343
20	1	1	17	32	2754
21	0	4	18	5	2089
20	1	5	19	31	1552
20	0	4	0	22	2803
21	1	3	1	12	1643
20	0	5	2	21	2979
21	1	4	3	20	1568
20	0	4	4	4	1317
21	1	2	5	11	3744
20	0	2	6	13	1292
21	1	2	7	31	2490
20	0	4	8	29	4345
21	1	3	9	5	1995
20	0	2	10	23	1927
21	1	2	11	24	1720
20	0	3	12	3	8691
21	1	4	13	33	1640
20	0	1	14	2	1652
21	1	3	15	1	3118
20	0	3	16	14	8446
21	1	3	17	15	13108
20	0	4	18	6	2244
21	1	1	19	25	5566
20	0	4	20	30	1747
21	0	1	0	13	2314
20	1	1	1	22	3313
21	0	4	2	21	2288
20	1	1	3	29	1502
21	0	5	4	14	2484
20	1	1	5	12	1675
21	0	4	6	11	8882
20	1	1	7	31	12517
21	0	3	8	15	14447
20	1	2	9	16	1910
21	0	5	10	25	9086
20	1	3	11	32	1361
21	0	3	12	2	5012
20	1	1	13	30	1799
20	0	2	0	13	3388
21	1	1	1	23	1570
20	0	2	2	21	1751
21	1	3	3	22	1716
20	0	4	4	29	1814
21	1	5	5	12	2620
20	0	1	6	5	3250
21	0	2	0	12	2190
20	1	4	1	13	1138
21	0	1	2	11	2185
20	1	5	3	21	2399
21	0	2	4	22	2103
20	1	4	5	5	3356
21	0	2	6	29	1535
20	1	5	7	2	4454
21	0	4	8	4	10110
20	1	4	9	3	11384
21	0	5	10	10	9198
20	1	5	11	9	2420
21	0	2	12	1	8825
20	1	1	13	23	5536
21	0	3	14	33	2713
20	1	3	15	14	7838
21	0	5	16	32	1866
20	1	3	17	15	1601
21	0	4	18	16	1388
20	1	1	19	31	7308
21	0	4	20	7	1438
20	1	5	21	25	13527
21	0	2	22	35	1893
20	1	3	23	34	1574
21	0	3	24	28	27568
20	1	1	25	19	6529
21	0	1	26	20	4340
20	0	3	0	22	3964
21	1	1	1	13	1383
20	0	3	2	21	1584
21	1	2	3	12	2297
20	0	4	4	20	4263
21	1	5	5	19	3359
20	0	5	6	23	1675
21	0	2	0	12	1847
20	1	2	1	13	201
21	0	2	2	20	5923
20	1	5	3	4	11578
21	0	2	4	19	3363
20	1	5	5	22	8364
21	0	3	6	31	4708
20	1	4	7	14	9661
21	0	1	8	30	10683
20	1	3	9	21	4870
21	0	5	10	10	36785
20	1	2	11	0	8617
21	0	4	12	28	10280
20	1	1	13	1	4503
21	0	3	14	29	1629
20	0	2	0	22	2636
21	1	5	1	12	1550
20	0	5	2	20	1640
21	1	4	3	21	3453
20	0	4	4	30	1270
21	1	4	5	14	5837
20	0	2	6	10	3316
21	1	3	7	0	2115
20	0	4	8	13	9825
22	0	2	0	0	7716
23	1	5	1	12	7484
22	0	5	2	1	9121
23	1	5	3	11	8340
22	0	2	4	10	3578
23	1	4	5	3	8072
22	0	3	6	19	5866
23	1	3	7	2	7813
22	0	1	8	28	2822
23	0	2	0	8	5018
22	1	3	1	4	6995
23	0	1	2	17	7316
22	1	1	3	26	1937
23	0	4	4	7	4648
22	1	1	5	6	2365
23	0	5	6	16	2928
22	1	2	7	24	2125
23	0	5	8	25	7482
22	1	4	9	34	2337
23	0	3	10	15	6858
22	1	2	11	14	1269
22	0	2	0	3	4925
23	1	5	1	0	2625
22	0	3	2	12	1822
23	1	4	3	21	3910
22	0	4	4	13	5889
23	1	5	5	10	8650
22	0	4	6	20	2012
23	1	1	7	14	13586
22	0	1	8	4	4579
23	1	4	9	22	14165
22	0	5	10	28	2383
23	0	1	0	27	4224
22	1	1	1	29	3795
23	0	5	2	0	6626
22	1	1	3	18	6582
23	0	2	4	1	3081
22	1	3	5	2	1731
23	0	2	6	10	10510
22	1	5	7	19	2088
23	0	4	8	20	13421
22	1	3	9	30	2641
23	0	1	10	32	20006
22	1	2	11	31	3492
23	0	2	12	12	19517
22	1	5	13	28	3168
22	0	3	0	4	8628
23	1	1	1	13	4885
22	0	4	2	3	2281
23	1	3	3	2	2692
22	0	1	4	5	2790
23	1	1	5	6	2255
22	0	5	6	12	2246
23	1	3	7	21	2506
22	0	4	8	20	2098
23	1	4	9	28	2118
22	0	2	10	14	9754
23	1	2	11	23	3680
22	0	2	12	15	10561
23	1	2	13	16	8027
22	0	1	14	11	10115
23	1	4	15	10	6122
22	0	3	16	29	7871
23	1	2	17	25	15559
22	0	4	18	30	6472
23	1	2	19	31	9819
22	0	1	20	34	12675
23	1	1	21	19	48351
22	0	4	22	1	3804
23	1	4	23	33	9444
22	0	3	24	8	8529
23	1	1	25	35	5755
22	0	2	26	0	11378
23	1	2	27	27	5847
22	0	1	28	18	4921
23	1	5	29	7	26611
22	0	5	30	22	4892
23	1	2	31	32	15677
22	0	4	32	24	3268
23	0	5	0	34	5469
22	1	3	1	0	8786
23	0	5	2	25	7092
22	1	4	3	16	3463
23	0	3	4	27	3186
22	1	2	5	1	4060
23	0	1	6	2	2783
22	1	1	7	10	2418
23	0	2	8	19	2682
22	1	5	9	20	2428
23	0	1	10	30	2294
22	1	1	11	11	7631
23	0	1	12	12	7673
22	1	3	13	21	4231
23	0	1	14	22	11063
22	1	4	15	32	3059
23	0	3	16	24	12284
22	1	1	17	31	1986
22	0	4	0	6	2896
23	1	5	1	27	8642
22	0	4	2	15	3541
23	1	2	3	24	2517
22	0	2	4	14	3033
23	1	4	5	13	5548
22	0	1	6	22	2079
23	1	2	7	30	4380
22	0	3	8	16	1942
23	1	1	9	17	1956
22	0	3	10	5	2931
23	1	5	11	7	26474
22	0	4	12	23	11000
23	1	5	13	32	2477
22	0	5	14	4	2143
23	1	1	15	3	6428
22	0	3	16	12	3456
23	1	5	17	20	10549
22	0	4	18	10	4146
23	1	1	19	11	24088
22	0	4	20	29	7168
23	1	3	21	28	31050
22	0	2	22	25	18999
23	1	4	23	35	28880
22	0	3	24	26	20539
23	1	4	25	21	75551
22	0	4	26	19	4679
23	1	1	27	1	44695
22	0	1	28	31	3306
23	1	2	29	8	30417
22	0	2	30	34	22114
23	1	1	31	0	14868
22	0	5	32	2	2866
23	1	3	33	9	14671
22	0	1	34	18	2250
23	1	2	35	33	2503
23	0	4	0	0	4666
22	1	2	1	8	3318
23	0	1	2	27	12273
22	1	2	3	35	6673
23	0	4	4	17	5054
22	1	5	5	7	4109
23	0	5	6	6	4672
22	1	5	7	15	4691
23	0	1	8	10	24496
22	1	3	9	23	10692
23	0	1	10	31	3667
22	1	5	11	14	10471
23	0	5	12	5	14566
22	1	4	13	13	8487
23	0	3	14	12	10080
22	1	5	15	16	2097
22	0	5	0	4	7934
23	1	3	1	35	6656
22	0	1	2	3	3114
23	1	4	3	2	1892
22	0	1	4	11	5568
23	1	3	5	19	2856
22	0	1	6	12	6289
23	1	1	7	21	11716
22	0	4	8	10	3770
23	1	2	9	13	5548
22	0	3	10	9	2515
23	0	4	0	0	1807
22	1	2	1	4	5080
23	0	1	2	9	2134
22	1	5	3	5	10526
23	0	3	4	18	2332
22	1	5	5	27	1253
23	0	2	6	10	2155
22	1	3	7	3	5377
23	0	2	8	6	8487
22	1	4	9	2	1236
22	0	3	0	13	9650
23	1	5	1	19	2231
22	0	4	2	12	4020
23	1	3	3	3	7078
22	0	4	4	11	4519
23	1	4	5	14	1770
22	0	3	6	10	1203
23	0	5	0	32	1676
22	1	5	1	10	3129
23	0	2	2	9	9239
22	1	2	3	19	5582
23	0	2	4	1	2237
22	1	3	5	20	4079
23	0	4	6	21	4777
22	1	5	7	11	4497
23	0	4	8	2	4647
22	1	4	9	12	3798
23	0	1	10	13	8318
22	1	3	11	3	3438
23	0	5	12	27	4394
22	1	3	13	28	3091
23	0	3	14	8	13126
22	1	2	15	4	1555
22	0	2	0	13	5140
23	1	4	1	0	3451
22	0	4	2	12	2255
23	1	5	3	9	12199
22	0	4	4	14	5529
23	1	4	5	31	17222
22	0	2	6	11	2309
23	0	2	0	13	2694
22	1	3	1	19	7614
23	0	2	2	14	3223
22	1	5	3	12	3922
23	0	1	4	23	7476
22	1	2	5	15	10377
23	0	4	6	33	7989
22	1	1	7	3	3878
23	0	2	8	21	16041
22	1	4	9	22	8052
23	0	4	10	11	20851
22	1	2	11	32	23804
23	0	3	12	2	5760
22	1	1	13	20	5027
23	0	5	14	1	23567
22	1	2	15	31	3996
23	0	4	16	30	8739
22	1	2	17	4	11651
23	0	1	18	5	9035
22	1	5	19	28	1901
22	0	3	0	22	6807
23	1	4	1	10	7504
22	0	1	2	23	4424
23	1	5	3	24	5975
22	0	5	4	4	17821
23	1	3	5	13	11023
22	0	5	6	21	6393
23	1	1	7	20	4504
22	0	5	8	30	5213
23	1	3	9	12	12309
22	0	4	10	11	2077
23	1	3	11	1	12312
22	0	1	12	19	6217
23	1	3	13	27	12661
22	0	1	14	3	8676
23	1	3	15	5	17647
22	0	2	16	32	15966
23	1	1	17	35	32017
22	0	1	18	31	5902
23	1	5	19	29	20441
22	0	1	20	33	2575
23	0	5	0	3	4535
22	1	5	1	22	9178
23	0	4	2	18	29923
22	1	5	3	23	4275
23	0	3	4	24	11892
22	1	1	5	21	12574
23	0	5	6	20	3859
22	1	3	7	13	5599
23	0	2	8	5	24253
22	1	4	9	4	5454
23	0	3	10	31	2758
22	1	5	11	12	7935
23	0	3	12	14	14566
22	1	4	13	32	7809
23	0	3	14	2	5374
22	1	2	15	11	7215
23	0	5	16	10	4990
22	1	2	17	30	15579
23	0	3	18	33	23202
22	1	2	19	15	8469
23	0	2	20	29	14341
22	1	1	21	16	49070
23	0	3	22	25	25027
22	1	5	23	8	14654
23	0	3	24	17	15804
22	1	3	25	1	10080
23	0	4	26	35	51831
22	1	3	27	27	10855
23	0	2	28	6	13948
22	1	3	29	19	10571
24	0	3	0	8	6558
25	1	5	1	17	10482
24	0	3	2	16	6414
25	1	5	3	24	5746
24	0	2	4	5	8740
25	1	1	5	6	15286
24	0	1	6	33	9001
25	1	5	7	22	9408
24	0	5	8	23	9059
25	1	2	9	14	8229
24	0	3	10	30	10499
25	1	4	11	13	11568
24	0	5	12	35	18686
25	1	3	13	15	14668
24	0	2	14	12	11888
25	1	1	15	4	16282
24	0	1	16	31	12164
25	1	5	17	34	3097
25	0	2	0	12	140165
25	0	2	0	13	11212
24	1	2	1	4	11126
25	0	5	2	5	4313
24	1	3	3	21	12393
25	0	3	4	12	9717
24	1	2	5	23	27822
25	0	1	6	14	3132
24	1	4	7	15	8224
25	0	1	8	11	2324
24	0	4	0	3	5152
25	1	4	1	14	4879
24	0	4	2	32	6315
25	1	4	3	22	5473
24	0	1	4	30	9212
25	1	2	5	13	2550
24	0	2	6	12	11952
25	1	1	7	21	2328
24	0	2	8	29	9859
25	1	5	9	20	3840
24	0	4	10	31	5054
25	0	3	0	12	3260
24	1	2	1	30	9528
25	0	1	2	22	4355
24	1	2	3	32	6499
25	0	4	4	31	2822
24	1	5	5	13	16008
25	0	1	6	21	4702
24	1	1	7	23	11437
25	0	1	8	14	25819
24	1	3	9	28	25567
25	0	4	10	20	17203
24	1	4	11	19	8708
25	0	3	12	11	7197
24	1	2	13	1	10842
25	0	5	14	10	2087
24	1	4	15	9	9865
25	0	3	16	29	1952
24	1	3	17	2	9511
25	0	3	18	15	22574
24	1	4	19	17	14672
25	0	4	20	3	4431
24	1	5	21	35	26341
25	0	1	22	24	11225
24	1	1	23	34	9090
25	0	2	24	33	3081
24	1	5	25	6	7282
25	0	1	26	25	19224
24	1	4	27	8	28598
25	0	3	28	26	23073
24	1	3	29	27	13402
25	0	2	30	18	48020
24	1	1	31	5	9360
25	0	1	32	7	4582
24	0	5	0	25	16385
25	1	4	1	11	3121
24	0	2	2	5	20956
25	1	3	3	22	7541
24	0	5	4	35	23552
25	1	2	5	15	2319
24	0	5	6	23	7919
25	1	1	7	14	8424
24	0	5	8	13	10579
25	1	4	9	6	12235
24	0	5	10	30	5922
25	1	1	11	21	10610
24	0	1	12	31	14673
25	1	4	13	20	3162
24	0	3	14	19	5130
25	1	4	15	32	1417
24	0	3	16	2	20743
25	1	3	17	12	9828
24	0	3	18	9	20034
25	1	3	19	4	10250
24	0	1	20	28	7855
25	1	5	21	29	3113
24	0	4	22	24	12271
25	1	5	23	26	4429
24	0	5	24	3	17007
25	1	1	25	17	22201
24	0	4	26	16	7601
25	1	2	27	7	12027
24	0	2	28	18	22479
25	1	3	29	33	3565
24	0	5	30	0	18271
25	1	2	31	27	3229
24	0	5	32	1	4411
25	0	1	0	22	4499
24	1	5	1	10	15543
25	0	1	2	21	3025
24	1	5	3	20	3952
25	0	4	4	23	9895
24	1	1	5	24	3667
25	0	4	6	13	3450
24	1	2	7	30	6545
25	0	4	8	0	2407
24	1	2	9	33	22941
25	0	1	10	11	5436
24	1	1	11	31	8411
25	0	3	12	14	31250
24	1	1	13	12	5953
25	0	3	14	16	15006
24	1	3	15	15	5961
25	0	5	16	6	2880
24	1	3	17	32	6096
24	0	4	0	22	33936
25	1	3	1	15	5467
24	0	2	2	4	8654
25	1	2	3	13	5478
24	0	3	4	14	5717
25	1	5	5	12	4603
24	0	4	6	30	21357
25	1	1	7	6	4088
24	0	5	8	34	6040
25	1	1	9	24	3033
24	0	4	10	33	3462
25	1	2	11	23	7515
24	0	4	12	32	11009
25	1	4	13	31	3107
24	0	5	14	35	1780
25	0	5	0	11	4921
24	1	3	1	13	4563
25	0	2	2	21	2504
24	1	2	3	31	3164
25	0	3	4	22	3311
24	1	4	5	2	20879
25	0	4	6	12	3761
24	1	3	7	33	10232
25	0	5	8	3	14418
24	1	1	9	30	3195
25	0	4	10	32	3170
24	1	3	11	20	15533
25	0	1	12	19	21864
24	1	3	13	27	7589
25	0	5	14	23	8559
24	1	3	15	24	6353
25	0	3	16	6	12678
24	1	2	17	8	23171
25	0	5	18	5	6876
24	1	1	19	4	2562
25	0	5	20	14	2101
24	0	1	0	13	4132
25	1	4	1	5	10049
24	0	1	2	33	9060
25	1	3	3	14	6706
24	0	2	4	35	10050
25	1	5	5	23	8132
24	0	3	6	32	2828
25	1	2	7	34	2384
24	0	4	8	11	13735
25	1	2	9	4	10500
24	0	2	10	31	13220
25	1	2	11	24	2671
25	0	5	0	12	13641
24	1	1	1	23	8373
25	0	2	2	14	4785
24	1	1	3	13	4504
25	0	4	4	3	6666
24	1	3	5	21	8759
25	0	4	6	5	5553
24	1	1	7	4	7464
25	0	2	8	22	5915
24	1	5	9	30	12232
25	0	3	10	15	13482
24	1	2	11	16	9153
25	0	3	12	2	15423
24	1	4	13	29	12933
25	0	2	14	32	3126
24	0	4	0	13	2995
25	1	5	1	19	4353
24	0	2	2	10	5349
25	1	3	3	21	2607
24	0	3	4	12	8355
25	1	2	5	11	2389
24	0	5	6	20	5280
25	1	3	7	31	5719
24	0	2	8	2	5038
25	1	1	9	1	3317
25	0	5	0	14	5304
24	1	2	1	21	7889
25	0	3	2	13	2844
24	1	5	3	12	5864
25	0	2	4	3	6601
24	1	5	5	23	3857
25	0	4	6	22	4954
24	1	1	7	4	10670
25	0	2	8	16	13508
24	1	1	9	15	5134
25	0	5	10	30	3807
24	1	4	11	6	4027
25	0	4	12	7	10642
24	1	1	13	25	14725
25	0	1	14	24	12159
24	1	3	15	35	24720
25	0	2	16	5	3069
24	1	4	17	8	19741
25	0	1	18	10	12859
24	1	1	19	11	24484
25	0	4	20	1	8244
24	1	4	21	19	19272
25	0	3	22	0	22049
24	1	4	23	2	10258
25	0	5	24	20	1880
26	0	3	0	22	5847
27	1	4	1	12	28497
26	0	1	2	14	14774
27	1	1	3	30	15469
26	0	2	4	21	16140
27	1	1	5	20	9712
26	0	1	6	4	21918
27	1	1	7	24	58331
26	0	2	8	11	46045
27	1	1	9	31	36661
26	0	3	10	29	37632
27	1	2	11	13	42873
26	0	4	12	19	44737
27	1	4	13	3	26604
26	0	4	14	23	5258
27	1	2	15	2	48161
26	0	4	16	5	26948
27	1	1	17	32	14969
26	0	2	18	33	5046
27	1	5	19	0	12853
26	0	1	20	1	4629
27	1	3	21	10	1449
27	0	2	0	13	13390
26	1	1	1	20	11458
27	0	3	2	21	24484
26	1	1	3	5	16383
27	0	4	4	12	26672
26	1	5	5	11	30788
27	0	5	6	23	132470
26	1	3	7	2	113301
27	0	5	8	29	11328
26	1	1	9	3	26754
27	0	5	10	4	18922
26	1	1	11	22	13652
27	0	4	12	31	41934
26	1	2	13	30	35804
27	0	4	14	15	21811
26	1	3	15	7	4533
27	0	3	16	14	1264
26	0	5	0	13	5514
27	1	2	1	21	39667
26	0	5	2	23	13686
27	1	5	3	3	38777
26	0	5	4	11	27674
27	1	4	5	12	10383
26	0	2	6	30	4249
27	1	3	7	22	55287
26	0	4	8	20	37773
27	1	3	9	2	99678
26	0	3	10	32	5127
27	1	1	11	4	15337
26	0	5	12	5	23944
27	1	2	13	1	1537
27	0	3	0	13	5601
26	1	4	1	21	7229
27	0	3	2	12	37021
26	1	3	3	11	9115
27	0	2	4	31	23799
26	1	4	5	3	30269
27	0	4	6	23	99411
26	1	2	7	19	37427
27	0	2	8	27	11584
26	1	5	9	20	9152
27	0	3	10	22	8356
26	1	1	11	18	2804
26	0	2	0	13	65456
27	1	5	1	21	6299
26	0	4	2	23	7701
27	1	4	3	3	51207
26	0	4	4	15	68253
27	1	5	5	12	76696
26	0	3	6	30	6063
27	1	1	7	24	254405
26	0	5	8	6	95819
27	1	1	9	14	42108
26	0	5	10	7	29744
27	1	5	11	31	20033
26	0	3	12	5	5468
27	1	2	13	4	9752
26	0	2	14	8	2696
28	0	2	0	0	2653
29	0	3	0	12	3268
28	1	1	1	21	3391
29	0	4	2	20	2903
28	1	3	3	13	2954
29	0	2	4	29	6439
28	1	1	5	11	3182
29	0	1	6	31	6761
28	1	4	7	23	7333
29	0	1	8	22	6212
28	1	4	9	33	5268
29	0	4	10	3	2739
28	1	3	11	32	2028
29	0	5	12	34	6737
28	1	2	13	14	2871
29	0	1	14	5	3940
28	1	5	15	15	7275
29	0	2	16	16	2691
28	1	5	17	24	3885
29	0	2	18	6	2204
28	1	4	19	4	4451
29	0	5	20	25	3995
28	1	4	21	7	1773
29	0	4	22	26	8315
28	1	1	23	17	4801
29	0	3	24	10	4843
28	1	1	25	9	4362
29	0	1	26	0	2660
28	1	3	27	30	1748
29	0	3	28	18	4284
28	1	3	29	19	3875
29	0	3	30	2	1776
28	1	4	31	1	2564
29	0	3	32	28	5537
28	1	3	33	27	4790
28	0	5	0	13	4319
29	1	3	1	22	6411
28	0	5	2	8	3733
29	1	3	3	6	5018
28	0	1	4	0	2729
29	1	3	5	30	2661
28	0	5	6	14	5942
29	1	4	7	15	5057
28	0	2	8	11	726
29	1	5	9	12	1466
28	0	1	10	32	5159
29	1	5	11	23	2207
28	0	2	12	21	1671
29	1	3	13	29	6251
28	0	2	14	24	3118
29	1	3	15	4	4056
28	0	1	16	31	8470
29	1	5	17	16	2218
28	0	3	18	35	2992
29	1	4	19	34	3015
28	0	2	20	25	4892
29	1	4	21	17	9007
28	0	4	22	19	6642
29	1	2	23	1	1915
28	0	1	24	20	3289
29	1	4	25	18	2678
28	0	5	26	3	4460
29	1	1	27	27	1382
28	0	3	28	9	1991
29	1	5	29	28	2726
29	0	2	0	25	3569
28	1	1	1	27	3236
29	0	4	2	19	3632
28	1	3	3	22	2112
29	0	2	4	21	2716
28	1	3	5	20	3442
29	0	3	6	11	3117
28	1	5	7	15	2777
29	0	5	8	23	2029
28	1	1	9	3	1202
29	0	5	10	13	4491
28	1	4	11	26	2032
29	0	3	12	31	4052
28	1	5	13	1	2875
29	0	2	14	2	6586
28	1	5	15	9	20894
29	0	2	16	18	7160
28	1	3	17	30	7997
29	0	4	18	29	2054
28	1	1	19	5	9739
29	0	2	20	6	5987
28	1	4	21	28	11926
29	0	5	22	12	5862
28	1	2	23	14	9680
29	0	3	24	10	1167
28	0	4	0	22	1274
29	1	3	1	12	2838
28	0	5	2	2	2912
29	1	3	3	1	3789
28	0	2	4	14	758
29	1	1	5	6	3402
28	0	2	6	23	540
29	1	2	7	24	5182
28	0	2	8	3	400
29	1	1	9	5	4551
28	0	1	10	15	6217
29	1	1	11	13	4221
28	0	1	12	7	8387
29	1	5	13	31	3755
28	0	4	14	35	7560
29	1	3	15	17	6470
28	0	4	16	19	12334
29	1	1	17	21	3940
28	0	4	18	29	2864
29	1	3	19	11	1540
29	0	5	0	11	3867
28	1	2	1	1	1884
29	0	2	2	19	2273
28	1	4	3	3	1507
29	0	3	4	0	7077
28	1	5	5	31	2548
29	0	3	6	4	2909
28	1	5	7	32	2962
29	0	4	8	30	2008
28	1	2	9	20	2856
29	0	1	10	33	3943
28	1	1	11	23	3612
29	0	4	12	21	5934
28	1	3	13	13	8745
29	0	3	14	14	5107
28	1	2	15	24	3753
29	0	5	16	15	5362
28	1	3	17	12	14909
29	0	5	18	2	10102
28	1	5	19	16	25481
29	0	3	20	8	2966
28	1	5	21	6	9542
29	0	3	22	25	5734
28	1	5	23	26	4174
29	0	4	24	35	9493
28	1	4	25	5	619
29	0	5	26	22	7742
28	1	5	27	10	7338
29	0	2	28	18	3320
28	1	3	29	29	2433
29	0	2	30	34	2668
28	1	1	31	28	2628
29	0	2	32	27	1755
28	1	5	33	9	2572
29	0	2	34	7	1990
28	1	4	35	17	1776
28	0	5	0	9	3695
29	1	2	1	11	3747
28	0	2	2	8	2665
29	1	1	3	15	2860
28	0	1	4	31	4302
29	1	2	5	22	1151
28	0	5	6	14	3894
29	1	4	7	5	4185
28	0	2	8	35	2950
29	1	1	9	26	2640
28	0	3	10	12	3971
29	1	4	11	33	2853
28	0	4	12	18	4435
29	1	5	13	27	1884
28	0	3	14	16	640
29	1	2	15	24	3064
28	0	3	16	6	2284
29	1	2	17	19	4922
28	0	5	18	23	1827
29	1	4	19	3	1320
29	0	3	0	11	2383
28	1	1	1	22	1382
29	0	2	2	13	1446
28	1	5	3	12	1335
29	0	5	4	32	2886
28	1	5	5	23	506
29	0	1	6	21	2674
28	1	2	7	14	486
29	0	3	8	5	3369
28	1	5	9	29	1227
29	0	1	10	30	6523
28	1	5	11	15	4831
29	0	3	12	25	3726
28	1	3	13	33	8192
29	0	4	14	7	6141
28	1	1	15	34	6133
29	0	4	16	17	1748
28	1	1	17	6	11073
29	0	4	18	24	1541
28	1	5	19	16	5874
29	0	1	20	31	2470
28	1	2	21	20	4143
29	0	3	22	1	1327
28	0	4	0	13	2406
29	1	5	1	4	2567
28	0	3	2	23	1546
29	1	3	3	33	2581
28	0	2	4	12	798
29	1	4	5	11	1933
28	0	2	6	5	474
29	1	4	7	21	1434
28	0	2	8	31	1410
29	1	5	9	14	5543
28	0	5	10	17	3602
29	1	2	11	15	4594
28	0	1	12	16	2409
29	1	1	13	24	4722
28	0	2	14	6	2129
29	1	1	15	34	939
29	0	3	0	10	3326
28	1	4	1	13	1545
29	0	4	2	12	1401
28	1	4	3	11	4749
29	0	2	4	22	6435
28	1	5	5	32	2409
29	0	4	6	14	3310
28	1	3	7	30	2952
29	0	4	8	29	4291
28	1	3	9	23	2740
29	0	1	10	3	4333
28	1	4	11	21	2524
29	0	2	12	31	3466
28	1	3	13	35	4303
29	0	3	14	33	2257
28	1	2	15	0	2918
29	0	1	16	18	5345
28	1	4	17	16	7474
29	0	4	18	25	5746
28	1	1	19	6	4869
29	0	2	20	17	4201
28	1	5	21	8	8026
29	0	4	22	24	1787
28	1	3	23	34	10497
29	0	4	24	7	8030
28	1	3	25	2	9242
29	0	3	26	19	3939
28	1	3	27	20	7454
29	0	2	28	1	4066
28	1	1	29	28	1625
29	0	4	30	4	7658
28	1	5	31	5	2293
28	0	3	0	10	1281
29	1	1	1	22	2502
28	0	1	2	34	1022
29	1	5	3	32	3576
28	0	5	4	12	1580
29	1	5	5	11	1641
28	0	1	6	7	2298
29	1	4	7	14	1819
28	0	1	8	6	3381
29	1	5	9	16	4742
28	0	3	10	23	2970
29	1	1	11	24	2863
28	0	1	12	8	4148
29	1	5	13	5	1088
28	0	2	14	21	11226
29	1	2	15	26	3280
28	0	2	16	15	2605
29	1	2	17	30	1707
28	0	3	18	31	1688
29	0	5	0	22	2687
28	1	3	1	16	1491
29	0	2	2	24	1412
28	1	3	3	1	1789
29	0	4	4	23	1578
28	1	4	5	21	705
29	0	3	6	25	1024
28	0	5	0	23	2242
29	1	2	1	24	1312
28	0	4	2	34	2598
29	1	2	3	25	3338
28	0	4	4	14	3713
29	1	2	5	32	1017
28	0	2	6	16	2581
29	1	4	7	15	1950
28	0	2	8	33	3380
29	1	1	9	13	8154
28	0	4	10	9	5795
29	1	5	11	12	4093
28	0	3	12	20	5862
29	1	4	13	19	2139
28	0	5	14	11	3697
29	1	1	15	21	1324
28	0	4	16	10	2200
29	1	1	17	2	4164
28	0	4	18	22	4453
29	1	4	19	30	2105
28	0	1	20	3	2101
29	1	3	21	5	4820
28	0	2	22	35	8820
29	1	1	23	29	1704
29	0	3	0	12	1510
28	1	2	1	24	1920
29	0	1	2	14	1870
28	1	3	3	13	1451
29	0	5	4	23	1171
28	1	4	5	5	3539
29	0	1	6	21	3694
28	1	1	7	22	14600
29	0	1	8	4	9162
28	1	5	9	3	3754
29	0	4	10	2	5034
28	1	2	11	27	3333
29	0	2	12	28	7362
28	1	1	13	29	2772
29	0	3	14	20	1415
28	0	1	0	17	6025
29	1	1	1	23	2502
28	0	1	2	9	2257
29	1	2	3	14	1464
28	0	5	4	32	1820
29	1	4	5	24	1111
28	0	2	6	25	1933
29	1	3	7	8	5982
28	0	5	8	34	3807
29	1	4	9	16	2107
28	0	3	10	15	7886
29	1	5	11	35	3201
28	0	2	12	22	3371
29	1	2	13	12	1855
28	0	2	14	13	2386
29	1	3	15	31	5122
28	0	1	16	21	6221
29	1	5	17	29	4764
28	0	2	18	1	7856
29	1	4	19	28	3993
28	0	2	20	30	2921
29	1	5	21	2	2527
28	0	1	22	10	7448
29	1	1	23	20	5763
28	0	3	24	11	9911
29	1	5	25	18	3502
28	0	1	26	4	1140
29	1	1	27	5	4329
28	0	4	28	19	24281
29	1	5	29	3	7757
28	0	4	30	6	8768
29	1	5	31	27	5114
28	0	3	32	7	4771
29	0	1	0	12	1854
28	1	5	1	25	2064
29	0	5	2	23	1349
28	1	4	3	22	5652
29	0	3	4	16	2840
28	1	4	5	24	3962
29	0	1	6	15	2878
28	1	4	7	14	4088
29	0	1	8	34	2636
28	1	3	9	7	3542
29	0	1	10	6	2940
28	1	2	11	19	4932
29	0	3	12	21	2123
28	1	5	13	3	7944
29	0	1	14	11	2374
28	1	4	15	1	8967
29	0	1	16	10	2357
28	1	3	17	9	4918
29	0	5	18	13	1298
28	0	4	0	9	4216
29	0	2	0	12	3850
28	1	1	1	15	2628
29	0	1	2	14	1910
28	1	1	3	11	2375
29	0	5	4	4	2835
28	1	1	5	24	5679
29	0	4	6	6	3322
28	1	4	7	8	9636
29	0	5	8	16	2590
28	1	4	9	5	10609
29	0	5	10	26	12927
28	1	3	11	22	10264
29	0	3	12	25	3999
28	1	4	13	34	3938
29	0	5	14	23	8230
28	1	2	15	20	18787
29	0	2	16	33	7765
28	1	2	17	3	9935
29	0	2	18	2	6712
28	1	5	19	30	11166
29	0	2	20	19	2800
28	1	1	21	28	9498
29	0	5	22	29	9850
28	1	1	23	10	7082
29	0	1	24	0	1787
28	1	2	25	1	14256
29	0	4	26	13	4940
28	1	5	27	21	6513
29	0	5	28	31	1624
28	1	2	29	18	10586
29	0	5	30	9	7542
28	1	5	31	32	3146
29	0	1	32	7	4019
28	1	1	33	17	2289
29	0	3	34	35	1837
28	1	3	35	27	2664
28	0	4	0	14	1309
29	1	4	1	12	4216
28	0	3	2	3	4859
29	1	4	3	4	4612
28	0	4	4	20	1809
29	1	3	5	11	2428
28	0	1	6	13	3696
29	1	2	7	15	3278
28	0	3	8	21	4842
29	1	2	9	29	7360
28	0	2	10	23	4227
29	1	1	11	33	12387
28	0	3	12	22	1502
30	0	3	0	21	4900
31	1	5	1	13	2588
30	0	4	2	23	6036
31	1	2	3	22	8917
30	0	4	4	31	2249
31	1	2	5	2	16185
30	0	2	6	11	18425
31	1	5	7	1	1647
30	0	2	8	12	13890
31	1	5	9	3	21419
30	0	4	10	4	15378
31	1	2	11	0	1373
31	0	4	0	13	2587
30	1	3	1	22	3087
31	0	4	2	23	4649
30	1	5	3	14	4613
31	0	1	4	3	5943
30	1	4	5	33	2438
31	0	5	6	21	2723
30	1	4	7	12	7985
31	0	2	8	5	10672
30	1	1	9	29	4150
31	0	5	10	4	14427
30	1	3	11	2	2299
31	0	4	12	6	965
30	0	4	0	13	6689
31	1	5	1	22	5273
30	0	1	2	12	18200
31	1	1	3	14	1056
30	0	1	4	30	10377
31	1	4	5	21	8313
30	0	4	6	20	6442
31	1	4	7	23	29254
30	0	3	8	24	8217
31	1	5	9	32	12559
30	0	1	10	5	7519
31	1	2	11	31	1881
30	0	5	12	10	16021
31	1	5	13	11	4005
30	0	2	14	0	2063
31	0	2	0	22	2881
30	1	5	1	15	10110
31	0	4	2	21	4303
30	1	1	3	23	3953
31	0	3	4	14	12784
30	1	2	5	31	6386
31	0	5	6	7	802
30	1	1	7	30	20105
31	0	1	8	32	6841
30	1	2	9	29	25228
31	0	4	10	28	1877
30	1	3	11	20	8713
31	0	1	12	12	6076
30	1	3	13	2	4335
31	0	3	14	11	1066
30	1	3	15	10	9793
31	0	2	16	13	1346
30	0	1	0	12	4496
31	1	1	1	13	2223
30	0	5	2	22	15631
31	1	2	3	21	11929
30	0	1	4	24	10615
31	1	4	5	5	7411
30	0	3	6	29	2038
31	1	1	7	23	3077
30	0	5	8	32	6870
31	1	2	9	2	3791
30	0	1	10	30	20170
31	1	1	11	31	552
30	0	1	12	6	19168
31	1	4	13	14	3255
30	0	3	14	28	27302
31	1	3	15	27	2684
30	0	2	16	4	8779
31	1	3	17	20	7930
30	0	5	18	33	17796
31	1	1	19	15	6257
30	0	4	20	16	464
31	1	4	21	7	1399
31	0	5	0	22	1150
30	1	5	1	23	1504
31	0	2	2	13	10116
30	1	5	3	31	11889
31	0	2	4	12	7699
30	1	1	5	11	9023
31	0	2	6	2	26634
30	1	4	7	32	4581
31	0	3	8	14	7728
30	1	1	9	15	4633
31	0	5	10	7	785
30	1	5	11	30	24176
31	0	4	12	29	1833
30	1	5	13	33	1796
30	0	3	0	21	2845
31	1	5	1	22	1718
30	0	5	2	13	4146
31	1	1	3	5	6015
30	0	5	4	14	4670
31	1	1	5	12	3450
30	0	3	6	15	19800
31	1	2	7	16	1563
30	0	1	8	24	5682
31	1	1	9	6	19892
30	0	2	10	4	11258
31	1	3	11	34	708
30	0	3	12	7	20919
31	1	5	13	2	11386
30	0	4	14	32	9823
31	1	1	15	11	49784
30	0	4	16	23	22887
31	1	1	17	31	22983
30	0	2	18	3	7543
31	1	2	19	33	1744
30	0	1	20	26	2869
31	1	2	21	25	1296
30	0	4	22	10	10915
31	0	2	0	22	4094
30	1	4	1	21	4229
31	0	1	2	12	7684
30	1	3	3	32	25786
31	0	4	4	13	11756
30	1	5	5	14	11178
31	0	4	6	31	18493
30	1	1	7	4	3623
31	0	3	8	23	14419
30	1	2	9	24	27620
31	0	2	10	34	770
30	1	2	11	3	25341
31	0	1	12	2	34064
30	1	5	13	16	25766
31	0	2	14	8	2293
30	1	5	15	6	19708
31	0	2	16	5	5427
30	1	5	17	15	2198
31	0	4	18	33	1072
30	1	5	19	17	2384
30	0	2	0	22	3438
31	1	1	1	21	1399
30	0	3	2	12	5853
31	1	4	3	2	12308
30	0	5	4	11	6034
31	1	1	5	13	2933
30	0	3	6	10	22029
31	1	3	7	9	2118
30	0	2	8	19	7688
31	1	3	9	5	17561
30	0	1	10	29	4647
31	1	4	11	3	23009
30	0	1	12	4	2330
31	1	1	13	23	1850
30	0	4	14	33	6121
31	1	4	15	32	5650
30	0	4	16	14	3140
31	1	1	17	15	24302
30	0	4	18	30	16999
31	1	3	19	6	2708
30	0	2	20	28	8332
31	1	5	21	27	3443
30	0	5	22	31	1848
31	0	5	0	22	1521
30	1	4	1	21	1905
31	0	2	2	23	7213
30	1	3	3	14	15119
31	0	4	4	32	15123
30	1	3	5	12	7585
31	0	5	6	13	15232
30	1	1	7	4	19362
31	0	1	8	33	11592
30	1	1	9	3	10761
31	0	3	10	30	4947
30	1	1	11	31	5194
31	0	2	12	24	12118
30	1	4	13	25	2435
31	0	4	14	20	13994
30	1	4	15	5	19768
31	0	1	16	2	739
30	1	2	17	6	1445
30	0	4	0	22	1292
31	1	3	1	23	2418
30	0	2	2	15	13145
31	1	5	3	14	8319
30	0	3	4	5	8874
31	1	1	5	13	29481
30	0	1	6	25	19119
31	1	2	7	35	1590
30	0	2	8	4	15262
31	1	2	9	3	8348
30	0	2	10	33	1859
31	1	2	11	12	24689
30	0	1	12	11	4219
31	1	2	13	21	1100
30	0	5	14	30	2465
31	1	5	15	31	26941
30	0	1	16	6	14520
31	1	3	17	24	578
30	0	4	18	8	1239
31	1	4	19	7	2212
30	0	1	20	2	28980
31	0	3	0	13	3033
30	1	1	1	12	795
31	0	4	2	23	6811
30	1	1	3	31	30562
31	0	5	4	5	26790
30	1	2	5	29	19214
31	0	3	6	30	4785
30	1	4	7	20	18520
31	0	5	8	3	10442
30	1	4	9	33	4669
31	0	4	10	4	657
30	1	4	11	2	7959
31	0	2	12	6	670
30	0	5	0	22	1457
31	1	4	1	21	706
30	0	1	2	11	6014
31	1	3	3	13	6538
30	0	2	4	29	9827
31	1	3	5	20	22683
30	0	2	6	30	14108
31	1	5	7	28	5841
30	0	4	8	12	12720
31	1	1	9	10	11567
30	0	2	10	19	22526
31	1	3	11	3	22250
30	0	2	12	2	11586
31	1	4	13	32	1400
30	0	3	14	14	1539
31	1	5	15	6	2061
30	0	2	16	4	18748
31	1	3	17	24	7722
30	0	1	18	33	13194
31	1	2	19	8	9642
30	0	3	20	16	5036
31	1	3	21	5	9401
30	0	3	22	7	2277
31	0	1	0	22	2698
30	1	5	1	23	3084
31	0	3	2	12	3354
30	1	3	3	2	3902
31	0	5	4	14	2621
30	1	1	5	13	10075
31	0	3	6	30	16114
30	1	4	7	6	4646
31	0	4	8	29	6636
30	1	3	9	31	24022
31	0	1	10	28	16193
30	1	2	11	27	2479
31	0	3	12	20	601
30	1	2	13	4	6035
31	0	5	14	3	1542
30	1	5	15	21	1979
31	0	3	16	10	9149
30	1	3	17	0	2577
31	0	5	18	1	12323
30	1	5	19	19	2911
31	0	4	20	9	941
30	1	2	21	11	1162
30	0	2	0	22	1608
31	1	3	1	21	2268
30	0	2	2	11	8474
31	1	1	3	13	13226
30	0	5	4	29	6801
31	1	3	5	20	9625
30	0	4	6	30	22086
31	1	2	7	28	6348
30	0	3	8	14	12907
31	1	3	9	6	1204
30	0	5	10	32	11460
31	1	1	11	31	2282
30	0	3	12	12	17044
31	1	3	13	2	969
30	0	5	14	10	2140
31	1	5	15	9	1568
30	0	5	16	24	38420
31	1	1	17	23	6547
30	0	4	18	4	14285
31	1	4	19	34	2341
30	0	3	20	16	11657
31	1	5	21	15	8711
30	0	3	22	7	3487
31	1	4	23	8	1968
32	0	4	0	27	3506
33	1	1	1	19	6202
32	0	3	2	18	2226
33	1	1	3	9	1373
32	0	1	4	29	3064
33	1	4	5	11	4546
32	0	2	6	28	4182
33	1	4	7	30	2059
32	0	2	8	20	4575
33	1	2	9	12	3040
32	0	4	10	10	4273
33	1	1	11	21	7013
32	0	1	12	3	3404
33	1	4	13	31	7315
32	0	1	14	13	3588
33	1	5	15	1	9134
33	0	4	0	21	5853
32	1	5	1	27	4120
33	0	2	2	13	2830
32	1	3	3	29	1941
33	0	1	4	22	1850
32	1	2	5	30	5565
33	0	4	6	28	7304
32	1	2	7	31	2952
33	0	5	8	32	2487
32	1	5	9	2	8528
33	0	2	10	23	2824
32	1	1	11	5	7736
33	0	5	12	24	2657
32	0	2	0	16	6518
33	1	5	1	15	2183
32	0	4	2	8	2324
33	1	2	3	24	1669
32	0	3	4	33	17262
33	1	5	5	25	3190
32	0	5	6	23	2063
33	1	3	7	35	7261
32	0	4	8	5	4136
33	1	5	9	14	2440
32	0	2	10	6	10535
33	1	3	11	7	2228
32	0	5	12	3	7276
33	1	4	13	4	1854
32	0	5	14	13	1076
33	0	2	0	22	1110
32	1	2	1	30	9456
33	0	1	2	23	2932
32	1	4	3	21	3029
33	0	1	4	12	3215
32	1	3	5	32	791
33	0	3	6	31	1826
32	1	3	7	13	6586
33	0	1	8	5	2680
32	1	2	9	19	15629
33	0	4	10	15	3203
32	1	5	11	7	6470
33	0	4	12	25	1732
32	1	5	13	35	3511
33	0	1	14	24	1079
32	0	5	0	10	3616
33	1	2	1	21	2361
32	0	5	2	12	7309
33	1	2	3	11	1634
32	0	2	4	1	6393
33	1	3	5	19	794
32	0	3	6	3	2804
33	1	3	7	2	2717
32	0	5	8	20	3281
33	1	2	9	4	2160
32	0	1	10	0	8599
33	1	5	11	30	2783
32	0	2	12	13	10188
33	1	3	13	23	6994
32	0	4	14	22	14179
33	1	3	15	32	6297
32	0	2	16	14	6865
33	1	1	17	15	797
32	0	2	18	31	34866
33	1	3	19	25	2318
32	0	5	20	5	23161
33	1	1	21	24	2132
32	0	5	22	26	5508
33	1	4	23	16	4089
32	0	3	24	8	4263
33	1	3	25	6	4565
32	0	2	26	33	7537
33	1	2	27	34	20914
32	0	3	28	7	5788
33	1	5	29	17	4271
32	0	2	30	9	9862
33	1	5	31	27	1941
32	0	4	32	28	9276
33	1	5	33	29	3309
33	0	4	0	14	2175
32	1	2	1	13	6513
33	0	3	2	23	1454
32	1	2	3	5	2967
33	0	2	4	21	2289
32	1	2	5	22	5810
33	0	1	6	31	1038
32	1	2	7	2	14143
33	0	1	8	15	5131
32	1	4	9	32	10049
33	0	1	10	7	2291
32	0	3	0	11	5993
33	1	2	1	13	1794
32	0	1	2	3	5044
33	1	5	3	19	5180
32	0	1	4	21	11248
33	1	5	5	31	3282
32	0	4	6	12	10698
33	1	4	7	30	991
32	0	3	8	22	10867
33	1	3	9	32	1067
32	0	4	10	29	7474
33	1	4	11	20	1781
32	0	4	12	33	6421
33	1	3	13	10	3119
32	0	3	14	0	3409
33	1	1	15	1	1737
32	0	1	16	28	4209
33	1	3	17	23	10347
32	0	1	18	15	14524
33	1	2	19	14	6150
32	0	5	20	6	9425
33	1	4	21	24	1056
32	0	5	22	4	5688
33	1	1	23	5	896
33	0	4	0	21	755
32	1	3	1	22	2248
33	0	5	2	13	1601
32	1	5	3	30	15817
33	0	1	4	12	233
32	1	4	5	14	6579
33	0	4	6	6	452
32	1	3	7	29	10092
33	0	2	8	31	3559
32	1	1	9	11	8765
33	0	2	10	23	3257
32	1	4	11	2	14551
33	0	3	12	20	2113
32	1	5	13	3	6024
33	0	3	14	15	5271
32	1	1	15	4	7334
33	0	4	16	7	1407
32	0	3	0	0	2634
33	1	5	1	22	22
32	0	5	2	10	3102
33	1	4	3	13	147
32	0	1	4	20	5095
33	1	1	5	30	1255
32	0	1	6	21	3868
33	1	3	7	31	193
32	0	5	8	19	5115
33	1	1	9	4	1568
33	0	4	0	13	837
32	1	2	1	22	1466
33	0	4	2	14	766
32	1	2	3	12	2421
33	0	3	4	23	2292
32	1	3	5	32	2913
33	0	2	6	2	1233
32	1	5	7	21	5420
33	0	1	8	3	2621
32	1	5	9	19	10738
33	0	5	10	33	565
32	0	4	0	11	3555
33	1	5	1	14	22
32	0	3	2	12	2261
33	1	5	3	22	565
32	0	1	4	13	11096
33	1	2	5	10	1804
32	0	3	6	30	4168
33	1	1	7	21	2103
32	0	3	8	23	7277
33	1	2	9	3	1563
32	0	1	10	32	4174
33	1	2	11	33	4096
32	0	2	12	31	7630
33	1	1	13	29	206
32	0	4	14	15	5077
33	1	4	15	7	1805
32	0	1	16	5	6663
33	1	5	17	25	3473
32	0	1	18	16	14160
33	1	5	19	20	2843
32	0	3	20	19	7523
33	1	2	21	8	4954
32	0	3	22	9	30952
33	1	1	23	0	4499
32	0	2	24	2	16075
33	1	5	25	4	5443
32	0	5	26	24	9154
33	0	5	0	22	790
32	1	5	1	11	4141
33	0	1	2	23	76
32	1	1	3	21	1821
33	0	2	4	14	2018
32	1	1	5	31	5912
33	0	3	6	1	1090
32	1	2	7	32	2308
33	0	3	8	30	825
32	1	5	9	34	16447
33	0	5	10	6	903
32	0	4	0	10	2207
33	1	3	1	13	1245
32	0	3	2	20	2783
33	1	2	3	14	1961
32	0	1	4	0	7638
33	1	5	5	30	1402
32	0	1	6	21	5843
33	1	2	7	15	367
32	0	2	8	12	3191
33	1	3	9	16	3652
33	0	1	0	13	861
32	1	4	1	8	261
33	0	5	2	22	1736
32	1	5	3	16	6274
33	0	4	4	14	1322
32	1	4	5	24	10141
33	0	5	6	32	523
32	1	3	7	5	6482
33	0	1	8	12	226
32	1	3	9	11	3082
33	0	5	10	15	1618
32	0	5	0	22	735
33	1	1	1	13	26
32	0	3	2	23	8101
33	1	5	3	14	418
32	0	5	4	21	4920
33	1	4	5	24	1145
32	0	1	6	20	1696
33	0	5	0	22	988
32	1	4	1	14	1490
33	0	3	2	23	3193
32	1	4	3	24	1856
33	0	5	4	21	4902
32	1	3	5	20	3342
33	0	1	6	4	1151
32	1	4	7	13	5433
33	0	4	8	15	2275
32	1	1	9	11	8106
33	0	2	10	12	4055
32	1	2	11	2	6007
33	0	3	12	29	2388
32	1	1	13	7	16198
33	0	5	14	31	99
32	1	1	15	30	12558
33	0	2	16	10	5919
32	1	2	17	16	8792
33	0	3	18	25	3979
32	1	4	19	8	7105
33	0	4	20	5	79
32	1	3	21	32	1465
32	0	2	0	21	2140
33	1	4	1	23	320
32	0	4	2	31	1598
33	1	3	3	14	1975
32	0	1	4	11	7164
33	1	5	5	1	1666
32	0	3	6	32	3263
33	1	1	7	30	1292
32	0	1	8	33	11957
33	1	1	9	34	1569
32	0	1	10	22	8071
33	1	4	11	24	2247
32	0	4	12	4	3777
33	1	4	13	13	1579
32	0	4	14	2	5144
33	1	4	15	12	1606
32	0	4	16	15	2164
33	1	4	17	20	4404
32	0	1	18	5	4909
33	1	1	19	3	2858
32	0	3	20	7	10874
33	1	1	21	25	295
32	0	5	22	6	1573
33	0	5	0	13	546
32	1	4	1	21	2355
33	0	4	2	12	694
32	1	5	3	11	2499
33	0	5	4	22	1514
32	1	3	5	31	3070
33	0	3	6	1	1767
32	1	4	7	20	4927
33	0	3	8	2	3458
32	1	5	9	19	5485
33	0	1	10	32	2698
32	0	2	0	4	1181
33	1	2	1	13	39
32	0	5	2	12	1173
33	1	3	3	20	1180
32	0	2	4	22	3402
33	1	4	5	21	2102
32	0	3	6	2	6240
33	1	1	7	32	857
32	0	4	8	3	11545
33	1	4	9	5	1309
32	0	5	10	1	916
33	0	1	0	22	833
32	1	5	1	30	2706
33	0	2	2	13	1777
32	1	2	3	31	3005
33	0	3	4	12	3945
32	1	2	5	11	6625
33	0	2	6	32	5710
32	1	3	7	21	6007
33	0	3	8	2	1351
32	0	3	0	13	2634
33	1	3	1	22	82
32	0	5	2	21	1623
33	1	4	3	12	2085
32	0	1	4	29	4422
33	1	2	5	5	1420
32	0	3	6	2	4913
33	1	5	7	32	56
32	0	3	8	20	9925
33	1	3	9	11	1237
32	0	4	10	19	11681
33	1	3	11	18	1440
32	0	2	12	14	13070
33	1	3	13	10	3692
32	0	4	14	9	4928
33	1	3	15	4	8454
32	0	4	16	3	5885
33	1	1	17	33	5664
32	0	2	18	1	16488
33	1	4	19	0	2319
32	0	2	20	31	8732
33	1	4	21	34	8384
32	0	1	22	35	5641
33	1	4	23	25	5772
32	0	4	24	16	10675
33	1	1	25	15	2965
32	0	3	26	8	11963
33	1	3	27	24	3939
32	0	2	28	6	6273
33	1	1	29	23	780
33	0	5	0	22	487
32	1	4	1	14	4996
33	0	2	2	13	596
32	1	3	3	4	1774
33	0	3	4	24	2216
32	1	1	5	23	7937
33	0	2	6	32	1477
32	1	5	7	16	9974
33	0	4	8	12	205
32	1	1	9	2	9660
33	0	2	10	20	9654
32	1	1	11	3	4302
33	0	4	12	1	2446
32	1	5	13	5	3055
32	0	2	0	14	3768
33	1	3	1	12	78
32	0	5	2	4	1734
33	1	5	3	13	44
32	0	5	4	24	3817
33	1	1	5	22	26
32	0	4	6	34	2245
33	0	5	0	13	930
32	1	4	1	12	1954
33	0	3	2	22	1312
32	1	1	3	4	3015
33	0	2	4	23	1921
32	1	3	5	20	4860
33	0	4	6	28	1574
32	1	5	7	21	4232
33	0	5	8	3	1617
32	1	1	9	33	6817
33	0	5	10	15	4972
32	1	5	11	19	6087
33	0	1	12	18	1500
32	1	1	13	31	4930
33	0	2	14	1	10606
32	1	2	15	2	7402
33	0	2	16	14	13141
32	1	1	17	16	4775
33	0	1	18	30	5147
32	1	4	19	6	5115
33	0	3	20	24	5487
32	1	3	21	25	5396
33	0	1	22	7	5476
32	1	3	23	29	19554
33	0	4	24	11	2630
32	1	5	25	32	9183
33	0	1	26	34	1133
32	1	3	27	35	17519
33	0	4	28	0	7347
32	1	2	29	9	10299
32	0	1	0	12	2260
33	1	2	1	22	340
32	0	4	2	20	2320
33	1	5	3	13	85
32	0	1	4	4	4108
33	1	2	5	28	23
32	0	4	6	21	5060
33	1	2	7	30	1398
32	0	4	8	3	4772
33	1	2	9	14	2698
32	0	2	10	2	6380
33	1	2	11	6	1377
33	0	2	0	22	490
32	1	2	1	14	1607
33	0	3	2	21	2640
32	1	1	3	24	3422
33	0	5	4	20	1797
32	1	3	5	19	3926
33	0	2	6	23	1837
34	0	3	0	13	11734
35	1	5	1	23	5801
34	0	4	2	12	8882
35	1	4	3	24	4459
34	0	2	4	11	6839
35	1	3	5	14	1526
34	0	2	6	10	2062
35	0	1	0	13	4113
34	1	1	1	22	5847
35	0	3	2	12	3168
34	1	3	3	11	3960
35	0	5	4	23	5186
34	1	3	5	33	16940
35	0	2	6	15	27918
34	1	5	7	32	11497
35	0	3	8	14	4347
34	0	3	0	13	1482
35	1	4	1	21	7028
34	0	1	2	12	3713
35	1	2	3	14	2481
34	0	1	4	23	17010
35	1	5	5	3	4791
34	0	3	6	24	8839
35	1	3	7	25	5420
34	0	1	8	31	11923
35	1	1	9	22	4041
34	0	3	10	15	10876
35	1	1	11	7	2361
34	0	3	12	6	10178
35	1	2	13	33	1662
34	0	3	14	16	16047
35	1	3	15	8	18762
34	0	2	16	11	22881
35	1	3	17	10	2665
34	0	1	18	20	6189
35	1	4	19	29	15919
34	0	5	20	4	19075
35	1	4	21	28	3461
35	0	5	0	12	68886
34	1	2	1	31	19590
35	0	4	2	22	4954
34	1	5	3	32	4649
35	0	2	4	33	3946
34	1	5	5	23	6701
35	0	1	6	20	8645
34	1	1	7	14	29934
35	0	3	8	5	2564
34	1	4	9	15	4839
35	0	4	10	13	4528
34	1	2	11	7	2407
34	0	1	0	31	1975
35	1	1	1	13	108
34	0	5	2	32	8000
35	1	4	3	33	1778
34	0	4	4	23	3876
35	1	4	5	15	4001
34	0	4	6	14	6198
35	1	4	7	5	1720
34	0	3	8	25	21685
35	1	4	9	24	9627
34	0	2	10	6	4482
35	1	3	11	22	4327
34	0	4	12	30	17067
35	1	2	13	29	3653
34	0	1	14	21	5915
35	1	5	15	12	25875
34	0	1	16	11	12847
35	1	2	17	1	3530
34	0	2	18	3	22593
35	1	5	19	20	23898
34	0	4	20	19	9618
35	1	2	21	27	2589
34	0	1	22	16	11484
35	1	3	23	4	8329
34	0	3	24	28	1756
35	1	3	25	0	29154
34	0	5	26	34	8510
35	1	4	27	7	3749
35	0	4	0	22	4454
34	1	3	1	31	3409
35	0	4	2	14	5086
34	1	4	3	30	4408
35	0	5	4	32	3626
34	1	3	5	23	5357
35	0	4	6	12	8426
34	1	4	7	2	13174
35	0	4	8	13	2039
34	1	2	9	15	6399
35	0	2	10	11	2199
34	0	5	0	31	4664
35	1	2	1	13	11215
34	0	2	2	32	3796
35	1	3	3	21	6596
34	0	3	4	30	4641
35	1	3	5	33	3332
34	0	5	6	29	1541
35	0	1	0	22	3400
34	1	4	1	23	5338
35	0	2	2	11	4212
34	1	2	3	13	10885
35	0	2	4	15	5668
34	1	2	5	3	4470
35	0	5	6	33	2079
34	1	4	7	5	20537
35	0	2	8	4	6244
34	1	1	9	21	8379
35	0	3	10	29	2071
34	1	5	11	12	7946
35	0	2	12	30	1751
34	1	3	13	14	9739
35	0	5	14	31	2299
34	1	5	15	32	1525
34	0	5	0	31	9956
35	1	2	1	14	2017
34	0	3	2	32	1974
35	1	2	3	33	1634
34	0	5	4	30	6485
35	1	5	5	29	1779
34	0	3	6	21	10922
35	1	5	7	12	4081
34	0	1	8	13	2276
35	1	2	9	22	4083
34	0	3	10	4	14405
35	1	3	11	10	26398
34	0	2	12	3	6821
35	1	1	13	5	2741
34	0	3	14	11	9791
35	1	1	15	1	9036
34	0	1	16	19	14239
35	1	3	17	27	2864
34	0	4	18	24	16932
35	1	2	19	16	12346
34	0	5	20	15	11750
35	1	5	21	23	8256
35	0	1	0	14	2444
34	1	2	1	31	1674
35	0	1	2	24	5665
34	1	5	3	30	9506
35	0	2	4	32	2778
34	1	2	5	23	3107
35	0	5	6	15	9523
34	1	5	7	13	16966
35	0	1	8	22	5220
34	1	3	9	21	10189
35	0	2	10	33	9548
34	1	3	11	6	4557
35	0	5	12	3	8221
34	1	5	13	5	7182
35	0	3	14	29	2428
34	1	1	15	7	6673
35	0	5	16	8	5144
34	1	4	17	4	1959
34	0	5	0	4	3418
35	1	1	1	22	1846
34	0	4	2	3	3184
35	1	4	3	5	3716
34	0	1	4	11	9768
35	1	4	5	2	6825
34	0	1	6	12	17578
35	1	2	7	13	10306
34	0	1	8	21	10286
35	1	2	9	30	2834
34	0	5	10	20	7078
35	1	5	11	28	2563
34	0	2	12	29	2750
35	1	3	13	19	24933
34	0	2	14	10	28937
35	1	4	15	9	5109
34	0	4	16	31	5455
35	1	5	17	1	2744
34	0	4	18	14	8733
35	1	1	19	24	18982
34	0	2	20	23	10711
35	1	2	21	16	15887
34	0	2	22	15	8585
35	1	2	23	7	2124
35	0	1	0	23	5372
34	1	3	1	4	8926
35	0	5	2	22	5381
34	1	1	3	24	5872
35	0	4	4	14	3988
34	1	2	5	5	13466
35	0	1	6	6	4972
34	1	5	7	30	5130
35	0	3	8	13	16125
34	1	4	9	12	15296
35	0	3	10	3	6364
34	1	4	11	33	4344
35	0	2	12	21	21902
34	1	3	13	20	7292
35	0	3	14	28	4628
34	1	5	15	10	13493
35	0	4	16	0	5422
34	1	4	17	29	12216
35	0	5	18	11	9068
34	1	4	19	31	15428
35	0	2	20	32	2336
34	1	1	21	15	32794
34	0	1	0	31	3289
35	1	3	1	12	3897
34	0	1	2	30	7960
35	1	2	3	13	3360
34	0	5	4	32	4857
35	1	5	5	33	4500
35	0	1	0	12	3621
35	0	4	0	13	3226
34	1	5	1	31	5959
35	0	5	2	32	3683
34	1	1	3	21	19935
35	0	2	4	14	4861
34	1	1	5	12	3335
35	0	3	6	30	9893
34	1	3	7	4	5937
35	0	1	8	22	27792
34	1	1	9	6	9009
35	0	1	10	5	3437
34	1	1	11	23	6942
35	0	3	12	15	16982
34	1	2	13	16	3291
35	0	1	14	3	9716
34	1	3	15	20	11272
35	0	2	16	28	3584
34	1	4	17	19	8915
35	0	5	18	18	4006
34	1	4	19	11	3467
35	0	1	20	1	3483
34	1	3	21	10	12150
35	0	5	22	9	2470
34	1	2	23	29	27683
35	0	1	24	0	5392
34	1	1	25	2	1941
34	0	3	0	31	1908
35	1	5	1	14	2138
34	0	2	2	32	4633
35	1	5	3	33	3366
34	0	5	4	21	5515
35	1	3	5	30	4109
34	0	5	6	4	9895
35	1	2	7	22	3466
34	0	3	8	6	2459
35	1	4	9	13	5781
34	0	5	10	5	3268
35	1	4	11	7	8670
34	0	5	12	3	1712
35	0	3	0	21	4166
34	1	2	1	4	5536
35	0	1	2	30	9547
34	1	2	3	5	3371
35	0	4	4	6	2287
34	1	2	5	15	9906
35	0	3	6	3	8425
34	1	4	7	12	3013
35	0	1	8	14	3521
34	1	4	9	22	4371
35	0	4	10	32	12705
34	1	4	11	31	3467
35	0	1	12	13	2702
34	1	4	13	20	7260
35	0	1	14	28	4950
34	1	1	15	25	4277
35	0	4	16	35	7554
34	1	5	17	11	19671
35	0	5	18	33	37299
34	1	4	19	34	4398
35	0	1	20	23	1852
34	0	3	0	31	2472
35	1	5	1	4	3491
34	0	1	2	32	3626
35	1	5	3	33	5774
34	0	2	4	21	2101
35	1	1	5	11	17086
34	0	5	6	29	2189
35	1	3	7	13	2126
34	0	2	8	30	2123
35	0	1	0	22	2593
34	1	4	1	31	191
35	0	4	2	32	2502
34	1	2	3	30	14643
35	0	5	4	29	8152
34	1	2	5	23	21228
35	0	4	6	21	7154
34	1	4	7	4	6235
35	0	1	8	13	12873
34	1	4	9	5	8087
35	0	3	10	3	7125
34	1	5	11	15	9756
35	0	1	12	7	6621
34	1	1	13	24	14549
35	0	3	14	6	24607
34	1	1	15	25	4695
35	0	4	16	26	4587
34	1	3	17	35	1210
36	0	1	0	0	27458
37	1	4	1	8	4506
36	0	4	2	9	6523
37	1	2	3	27	2949
36	0	4	4	18	2995
37	1	3	5	32	11315
36	0	5	6	17	5478
37	1	1	7	24	5700
36	0	4	8	10	19380
37	1	4	9	16	2548
37	0	4	0	0	3231
36	1	5	1	8	2202
37	0	2	2	30	1767
36	1	3	3	3	4303
37	0	3	4	10	1624
36	1	3	5	20	2450
37	0	3	6	6	4861
36	1	1	7	14	7297
37	0	3	8	33	1459
36	1	3	9	24	7177
37	0	5	10	32	12316
36	1	4	11	31	5766
37	0	4	12	27	9943
36	1	4	13	34	8188
37	0	1	14	28	4988
36	1	3	15	4	2974
36	0	1	0	0	3123
37	1	3	1	35	2788
36	0	5	2	25	3598
37	1	4	3	4	4151
36	0	1	4	13	8421
37	1	3	5	32	3493
36	0	1	6	14	3082
37	1	5	7	12	6941
36	0	1	8	20	2290
37	1	1	9	33	8209
36	0	4	10	34	2404
37	1	4	11	8	7953
36	0	5	12	15	5744
37	1	5	13	16	1770
36	0	5	14	17	7432
37	1	3	15	24	2095
37	0	4	0	0	7269
36	1	1	1	1	4064
37	0	1	2	31	3868
36	1	5	3	21	1826
37	0	3	4	29	2566
36	1	3	5	30	1656
37	0	4	6	4	6749
36	1	4	7	13	4813
37	0	3	8	28	4916
36	1	1	9	22	10691
37	0	1	10	12	7509
36	1	1	11	20	2227
37	0	1	12	23	1822
36	1	5	13	19	1665
36	0	1	0	0	3270
37	1	4	1	8	1066
36	0	2	2	17	2478
37	1	3	3	5	2352
36	0	2	4	6	1498
37	1	1	5	32	1751
36	0	2	6	16	2115
37	1	1	7	14	3152
36	0	2	8	23	1749
37	1	4	9	35	2920
36	0	4	10	25	3953
37	1	4	11	29	6910
36	0	1	12	34	4123
37	1	2	13	7	5351
36	0	3	14	24	7563
37	1	4	15	26	1227
36	0	3	16	22	2332
37	0	5	0	8	1331
36	1	2	1	0	2692
37	0	2	2	22	892
36	1	3	3	21	4516
37	0	1	4	24	714
36	1	1	5	23	2188
37	0	4	6	32	2460
36	1	3	7	16	2981
37	0	4	8	35	3117
36	1	1	9	34	7893
37	0	2	10	12	11718
36	1	1	11	2	2196
37	0	2	12	30	4541
36	1	5	13	13	7635
37	0	1	14	14	10942
36	1	5	15	6	2037
37	0	2	16	33	8148
36	1	5	17	31	4515
37	0	2	18	17	8051
36	1	1	19	26	2173
37	0	4	20	29	14413
36	1	4	21	27	5353
37	0	1	22	9	10485
36	1	4	23	1	3206
37	0	2	24	3	1800
36	1	3	25	11	1452
36	0	2	0	27	4257
37	1	3	1	8	6154
36	0	3	2	17	2299
37	1	3	3	19	1434
36	0	4	4	28	3614
37	1	4	5	29	6717
36	0	5	6	9	3752
37	1	3	7	23	6441
36	0	4	8	18	6437
37	1	5	9	0	1549
36	0	4	10	35	11840
37	1	3	11	5	2033
36	0	3	12	14	1844
37	1	3	13	31	9418
36	0	1	14	15	1890
37	1	2	15	16	1797
36	0	2	16	24	9478
37	1	5	17	32	15406
36	0	1	18	30	7239
37	1	5	19	34	11577
36	0	3	20	33	11983
37	1	4	21	6	1840
36	0	4	22	7	3303
37	1	1	23	13	18263
36	0	2	24	21	3216
37	1	1	25	1	9959
36	0	4	26	20	9565
37	1	3	27	3	12543
36	0	2	28	4	6465
37	1	5	29	2	1154
37	0	5	0	8	2726
36	1	1	1	0	5470
37	0	1	2	32	2931
36	1	2	3	24	2333
37	0	5	4	34	5650
36	1	4	5	33	1949
37	0	3	6	6	9013
36	1	2	7	7	5506
37	0	3	8	26	8502
36	1	5	9	1	7275
37	0	3	10	31	8384
36	1	2	11	23	9726
37	0	3	12	30	16968
36	1	1	13	29	7170
37	0	1	14	35	7225
36	1	4	15	17	4192
37	0	3	16	22	7813
36	1	5	17	2	7010
37	0	5	18	14	1219
36	0	1	0	0	2069
37	1	2	1	34	2006
36	0	4	2	25	2691
37	1	2	3	32	4474
36	0	3	4	33	1581
37	1	5	5	30	750
36	0	2	6	24	5567
37	1	4	7	28	7180
36	0	2	8	29	2963
37	1	3	9	14	4377
36	0	2	10	22	3081
37	1	3	11	11	11470
36	0	5	12	13	5108
37	1	4	13	23	7593
36	0	4	14	5	2960
37	1	3	15	21	2831
36	0	5	16	6	14464
37	1	4	17	15	18326
36	0	2	18	31	10380
37	1	3	19	4	3045
36	0	5	20	7	14508
37	1	2	21	8	1823
36	0	4	22	16	7626
37	1	4	23	19	8363
36	0	5	24	3	12222
37	1	2	25	20	2994
36	0	5	26	18	2363
37	1	2	27	35	12428
36	0	3	28	9	10155
37	1	3	29	27	806
36	0	3	30	17	6616
37	1	4	31	1	11640
36	0	1	32	10	31296
37	1	1	33	12	1234
37	0	5	0	35	2071
36	1	4	1	0	199
37	0	3	2	33	1599
36	1	2	3	34	2461
37	0	2	4	22	2151
36	1	2	5	26	7741
37	0	4	6	29	804
36	1	1	7	32	6988
37	0	4	8	6	1596
36	1	2	9	24	2050
37	0	3	10	27	3878
36	1	1	11	16	3065
37	0	5	12	8	2411
36	1	4	13	14	2312
37	0	1	14	4	1546
36	1	2	15	5	8291
37	0	2	16	23	2283
36	1	4	17	13	3845
37	0	4	18	15	17450
36	1	1	19	12	18222
37	0	4	20	11	2690
36	1	3	21	20	17062
37	0	4	22	31	23511
36	1	1	23	9	23077
37	0	5	24	7	76
36	0	1	0	0	15433
37	1	2	1	35	1364
36	0	5	2	8	1739
37	1	3	3	32	3102
36	0	2	4	34	1906
37	1	3	5	29	965
36	0	1	6	26	5458
37	1	4	7	13	5673
36	0	3	8	21	3019
37	1	2	9	2	5956
36	0	1	10	25	9824
37	1	1	11	5	4436
36	0	4	12	24	7728
37	1	2	13	23	1877
36	0	4	14	14	3632
37	1	5	15	4	2450
36	0	5	16	3	1939
37	1	5	17	31	5268
36	0	4	18	30	2869
37	1	5	19	22	874
37	0	2	0	35	564
36	1	3	1	34	1432
37	0	1	2	14	2197
36	1	3	3	15	1192
37	0	2	4	32	1174
36	1	3	5	25	5757
37	0	5	6	30	921
36	1	1	7	31	1962
37	0	2	8	12	2806
36	1	2	9	13	3405
37	0	5	10	3	4794
36	1	3	11	21	1341
37	0	4	12	6	12009
36	1	1	13	33	7432
37	0	2	14	22	833
36	0	2	0	0	2315
37	1	3	1	35	866
36	0	4	2	10	1280
37	1	3	3	33	1128
36	0	3	4	34	1728
37	1	5	5	30	1646
36	0	1	6	25	2934
37	1	5	7	14	3536
36	0	3	8	22	5769
37	1	3	9	12	4372
36	0	1	10	13	4460
37	1	1	11	32	3516
36	0	5	12	31	2065
37	1	3	13	4	1180
36	0	3	14	16	9868
37	1	2	15	7	1482
36	0	5	16	23	3867
37	1	1	17	24	9921
36	0	3	18	28	24966
37	1	1	19	6	7240
36	0	5	20	15	3024
37	1	2	21	5	864
37	0	2	0	35	3354
36	1	5	1	0	884
37	0	1	2	33	1146
36	1	5	3	34	1863
37	0	4	4	15	1162
36	1	2	5	24	1160
37	0	1	6	17	1432
36	1	5	7	16	864
37	0	5	8	5	4115
36	1	5	9	25	3643
37	0	1	10	7	1215
36	1	1	11	26	10641
37	0	5	12	23	2680
36	1	3	13	31	7052
37	0	5	14	32	12543
36	1	1	15	27	10616
37	0	1	16	14	1193
36	0	2	0	0	12864
37	1	4	1	35	1597
36	0	5	2	10	1682
37	1	1	3	33	671
36	0	4	4	34	2016
37	1	2	5	15	906
36	0	5	6	24	1368
37	1	1	7	17	1343
36	0	1	8	16	1234
37	1	3	9	5	3947
36	0	4	10	25	1222
37	1	1	11	7	1432
36	0	2	12	23	3987
37	1	2	13	26	1263
36	0	3	14	8	2539
37	1	5	15	32	2194
36	0	5	16	22	4339
37	0	4	0	35	1735
36	1	4	1	25	2431
37	0	2	2	33	1080
36	1	3	3	34	2147
37	0	3	4	17	814
36	1	5	5	26	1769
37	0	1	6	24	5772
36	1	5	7	15	8308
37	0	4	8	32	6956
36	1	2	9	16	7411
37	0	2	10	7	1905
36	1	3	11	14	9368
37	0	5	12	13	1244
36	1	5	13	30	9947
37	0	3	14	4	9493
36	1	3	15	22	2984
37	0	2	16	6	1378
36	1	3	17	5	5072
37	0	2	18	28	15600
36	1	4	19	20	13063
37	0	2	20	10	4173
36	1	5	21	19	14047
37	0	1	22	21	1290
36	1	1	23	11	17383
37	0	4	24	1	18302
36	1	4	25	3	9832
37	0	5	26	27	4107
36	1	2	27	2	5828
37	0	2	28	29	2532
36	1	3	29	0	21787
37	0	1	30	12	4061
36	1	3	31	8	19840
37	0	5	32	31	1628
36	1	2	33	23	8097
37	0	5	34	9	576
36	1	4	35	18	2352
36	0	4	0	0	2068
37	1	5	1	35	416
36	0	4	2	10	1498
37	1	4	3	33	473
36	0	4	4	34	2159
37	1	3	5	15	1886
36	0	2	6	20	2528
37	1	1	7	30	1442
36	0	2	8	25	6885
37	1	4	9	7	9173
36	0	1	10	23	5435
37	1	2	11	8	5874
36	0	4	12	9	13757
37	1	1	13	32	18403
36	0	5	14	31	4683
37	1	3	15	16	8544
36	0	5	16	18	8521
37	1	2	17	27	1720
36	0	3	18	11	11402
37	1	5	19	12	1617
36	0	2	20	24	5392
37	1	5	21	22	8411
36	0	3	22	26	1785
37	0	2	0	22	1820
36	1	4	1	0	1597
37	0	1	2	24	682
36	1	2	3	23	2078
37	0	2	4	21	873
36	1	5	5	32	3571
37	0	5	6	5	4634
36	1	3	7	33	5690
37	0	1	8	18	2684
36	1	1	9	34	3347
37	0	5	10	35	2418
36	1	4	11	31	1297
36	0	2	0	30	4549
37	1	5	1	31	1092
36	0	5	2	3	2434
37	1	1	3	7	7093
36	0	2	4	4	1732
37	1	4	5	2	4871
36	0	2	6	21	6162
37	1	4	7	12	1126
36	0	5	8	22	3484
37	1	1	9	23	7086
36	0	2	10	15	15360
37	1	2	11	20	9381
36	0	5	12	16	6598
37	1	3	13	14	3067
36	0	2	14	32	10327
37	1	5	15	10	4235
36	0	1	16	6	5306
37	1	1	17	5	2838
36	0	1	18	24	5428
37	1	5	19	33	1245
36	0	2	20	28	10759
37	1	1	21	11	19342
36	0	4	22	29	3609
37	1	1	23	9	1272
37	0	4	0	23	1464
36	1	1	1	13	2103
37	0	4	2	26	1347
36	1	3	3	12	2075
37	0	5	4	24	919
36	1	3	5	25	2915
37	0	3	6	20	2820
36	1	2	7	14	3611
37	0	5	8	15	1327
36	1	3	9	11	3805
38	0	3	0	27	30253
39	1	1	1	35	5258
38	0	1	2	8	15875
39	1	3	3	32	5060
38	0	1	4	0	9186
39	1	4	5	5	8021
38	0	3	6	23	9225
39	1	4	7	13	20404
38	0	1	8	30	17138
39	1	1	9	12	36188
38	0	4	10	21	34380
39	1	2	11	15	7697
38	0	4	12	14	7536
39	1	4	13	25	3783
39	0	5	0	13	17028
38	1	1	1	29	9120
39	0	5	2	12	4097
38	1	5	3	30	24865
39	0	3	4	27	29012
38	1	2	5	33	38340
39	0	3	6	28	45879
38	1	3	7	20	37014
39	0	1	8	2	40820
38	1	3	9	31	85352
39	0	4	10	32	8140
38	1	5	11	22	29182
39	0	3	12	14	4679
38	1	3	13	11	11346
39	0	5	14	15	2131
38	0	3	0	11	17470
39	1	5	1	23	3631
38	0	3	2	2	13061
39	1	5	3	22	5299
38	0	4	4	4	22606
39	1	3	5	24	3203
38	0	3	6	21	3265
39	1	1	7	25	1847
39	0	3	0	13	2488
38	1	4	1	12	5186
39	0	2	2	35	2603
38	1	2	3	22	6247
39	0	5	4	32	3639
38	1	4	5	20	29928
39	0	1	6	31	4670
38	1	2	7	30	9035
39	0	1	8	21	9097
38	1	4	9	6	38513
39	0	3	10	14	1414
38	1	5	11	4	18213
39	0	5	12	28	14990
38	1	1	13	5	7093
39	0	5	14	3	49284
38	1	3	15	7	4967
38	0	2	0	14	5571
39	1	1	1	19	7430
38	0	2	2	22	10383
39	1	3	3	18	13345
38	0	1	4	24	21936
39	1	3	5	6	20853
38	0	5	6	23	5366
39	1	3	7	21	3344
38	0	2	8	25	1582
39	0	4	0	12	2754
38	1	4	1	23	7977
39	0	1	2	13	2349
38	1	2	3	14	5812
39	0	3	4	20	9619
38	1	4	5	4	11477
39	0	2	6	21	17171
38	1	3	7	22	26110
39	0	4	8	5	11923
38	1	1	9	29	3837
39	0	4	10	30	18048
38	1	3	11	3	4271
39	0	3	12	10	10607
38	1	1	13	11	6214
39	0	4	14	0	2371
38	0	4	0	12	5855
39	1	2	1	23	6964
38	0	3	2	11	10408
39	1	5	3	13	2900
38	0	1	4	20	24385
39	1	4	5	22	5537
38	0	4	6	21	14939
39	1	1	7	3	18587
38	0	4	8	33	2080
39	1	5	9	14	13060
38	0	2	10	32	25964
39	1	2	11	31	3847
38	0	2	12	4	1791
39	1	4	13	15	5883
38	0	3	14	28	2238
39	0	4	0	3	6353
38	1	1	1	23	2784
39	0	1	2	4	4663
38	1	1	3	22	6496
39	0	2	4	5	3589
38	1	3	5	6	3613
39	0	5	6	2	1644
38	0	2	0	22	4800
39	1	4	1	6	3746
38	0	1	2	23	3730
39	1	4	3	24	2132
38	0	1	4	15	6451
39	1	2	5	31	8470
38	0	2	6	14	16537
39	1	2	7	16	8052
38	0	4	8	5	25705
39	1	2	9	32	6678
38	0	1	10	8	5928
39	1	5	11	33	7441
38	0	5	12	34	6101
39	1	1	13	30	2482
39	0	4	0	23	3606
38	1	5	1	13	7576
39	0	2	2	24	3561
38	1	1	3	22	2538
39	0	4	4	29	9885
38	1	3	5	14	21982
39	0	2	6	15	6392
38	1	3	7	6	18458
39	0	2	8	30	5225
38	1	2	9	31	4888
39	0	4	10	4	7020
38	1	5	11	12	12828
39	0	2	12	11	6349
38	1	1	13	2	35392
39	0	1	14	32	14412
38	1	4	15	7	44429
39	0	3	16	5	58922
38	1	2	17	25	26289
39	0	1	18	35	60693
38	1	5	19	34	94514
39	0	1	20	16	14672
38	1	4	21	8	3883
39	0	3	22	20	22650
38	1	5	23	1	45147
39	0	5	24	19	47400
38	1	4	25	0	34983
39	0	5	26	3	13583
38	1	4	27	27	2995
39	0	4	28	18	15428
38	1	4	29	21	3100
38	0	5	0	22	14464
39	1	5	1	15	11830
38	0	1	2	21	4822
39	1	1	3	23	3313
38	0	2	4	12	34181
39	1	3	5	14	15046
38	0	5	6	4	15119
39	1	2	7	16	14367
38	0	5	8	13	10243
39	1	1	9	17	2510
39	0	1	0	21	3539
38	1	2	1	14	15185
39	0	5	2	20	3714
38	1	5	3	22	5093
39	0	3	4	6	4691
38	1	2	5	15	13891
39	0	1	6	13	4390
38	1	3	7	5	23692
39	0	4	8	3	18249
38	1	2	9	23	27259
39	0	5	10	32	11048
38	1	1	11	24	18808
39	0	5	12	25	12645
38	1	5	13	7	69411
39	0	3	14	31	9796
38	1	5	15	30	11246
39	0	2	16	34	61024
38	1	3	17	33	8113
39	0	3	18	19	18855
38	1	2	19	18	4134
39	0	1	20	12	55002
38	1	4	21	27	23929
39	0	2	22	2	36956
38	1	5	23	1	28869
39	0	2	24	11	13612
38	1	5	25	29	4363
39	0	2	26	10	2521
