100000000000000100000001010000000001	000001010000001000000010001000000000

1	
30	
10	
6	
20	
11	
34	
9	
16	
28	
2	
12	
29	
17	
33	
18	
6	13	
6	4	
6	21	
6	13	33	
6	13	1	
6	13	33	4	
6	13	33	31	
6	13	33	4	34	
6	13	33	4	32	
6	13	33	4	31	
6	13	1	11	
6	13	1	21	
6	13	1	4	
6	13	1	31	
6	13	1	21	33	
6	13	1	21	2	
6	13	1	21	3	
6	13	1	21	29	
6	13	33	4	34	32	
6	13	33	4	34	24	
6	13	33	4	34	11	
6	13	33	4	34	32	31	
6	13	33	4	34	32	31	24	
6	13	33	4	34	32	31	24	3	
6	13	33	4	34	32	31	24	16	
6	13	33	4	34	32	31	24	12	
6	13	33	4	34	32	31	24	21	
6	13	33	4	34	32	31	24	18	
6	13	33	4	34	32	31	24	8	
6	13	33	4	34	32	31	24	10	
6	13	33	4	34	32	31	24	9	
6	13	33	4	34	32	31	24	2	
6	13	33	4	34	32	31	24	1	
6	13	33	4	34	32	31	24	30	
6	13	33	4	34	32	31	24	11	
6	13	33	4	34	32	31	24	29	
6	13	33	4	34	32	31	24	28	
6	13	33	4	34	32	31	24	20	
6	13	33	4	34	32	31	24	19	
6	13	33	4	34	32	31	24	17	
6	13	1	21	29	4	
6	13	1	21	29	19	
6	13	1	21	29	20	
6	13	1	21	29	11	
6	13	1	21	29	4	3	
6	13	1	21	29	4	31	
6	13	1	21	29	4	33	
6	13	1	21	29	4	11	
6	13	1	21	29	4	2	
6	13	1	21	29	4	3	20	
6	13	1	21	29	4	3	2	
6	13	1	21	29	4	3	11	
6	13	1	21	29	4	3	24	
6	13	1	21	29	4	3	19	
6	13	1	21	29	4	3	34	
6	13	1	21	29	4	3	20	31	
6	13	1	21	29	4	3	20	19	
6	13	1	21	29	4	3	20	33	
6	13	1	21	29	4	3	20	11	
6	13	33	4	34	32	31	24	27	
30	6	
30	6	10	
30	6	4	
30	6	8	
30	6	31	
6	13	1	21	29	4	3	20	19	2	
6	13	1	21	29	4	3	20	19	11	
6	13	1	21	29	4	3	20	19	12	
6	13	1	21	29	4	3	20	19	24	
6	13	1	21	29	4	3	20	19	34	
6	13	1	21	29	4	3	20	19	2	33	
6	13	1	21	29	4	3	20	19	2	28	
6	13	1	21	29	4	3	20	19	2	31	
6	13	1	21	29	4	3	20	19	2	27	
6	13	1	21	29	4	3	20	19	2	28	10	
6	13	1	21	29	4	3	20	19	2	28	12	
6	13	1	21	29	4	3	20	19	2	28	24	
6	13	1	21	29	4	3	20	19	2	28	34	
6	13	1	21	29	4	3	20	19	2	28	11	
6	13	1	21	29	4	3	20	19	2	28	10	31	
6	13	1	21	29	4	3	20	19	2	28	10	33	
6	13	1	21	29	4	3	20	19	2	28	10	30	
6	13	1	21	29	4	3	20	19	2	28	10	27	
6	13	1	21	29	4	3	20	19	2	28	10	12	
6	13	1	21	29	4	3	20	19	2	28	10	11	
6	13	1	21	29	4	31	19	
6	13	1	21	29	4	31	3	
6	13	1	21	29	4	31	24	
6	13	1	21	29	4	31	20	
6	13	1	21	29	4	31	11	
6	13	1	21	29	19	20	
6	13	1	21	29	19	33	
6	13	1	21	29	19	3	
6	13	1	21	29	19	2	
6	13	1	21	29	19	20	4	
6	13	1	21	29	19	20	11	
6	13	1	21	29	19	20	31	
6	13	1	21	29	19	20	4	3	
6	13	1	21	29	19	20	4	10	
6	13	1	21	29	19	20	4	33	
6	13	1	21	29	19	20	4	31	
6	13	1	21	29	19	20	4	2	
6	13	1	21	29	19	20	4	3	34	
6	13	1	21	29	19	20	4	3	2	
6	13	1	21	29	19	20	4	3	11	
6	13	1	21	29	19	20	4	3	24	
6	13	1	21	29	19	20	31	33	
6	13	1	21	29	19	20	31	3	
6	13	1	21	29	19	20	31	10	
6	13	1	21	29	19	20	31	4	
6	13	1	21	29	19	20	31	12	
6	13	1	21	29	19	20	31	27	
6	13	1	21	29	19	20	31	2	
6	13	1	21	29	19	20	31	12	32	
6	13	1	21	29	19	20	31	12	11	
6	13	1	21	29	19	20	31	12	2	
6	13	1	21	29	19	20	31	12	33	
6	13	1	21	29	19	20	31	12	10	
6	13	1	21	29	19	20	31	12	3	
6	13	1	21	29	19	20	31	12	34	
6	13	1	21	29	19	20	31	12	18	
6	13	1	21	29	19	20	4	3	2	33	
6	13	1	21	29	19	20	4	3	2	10	
6	13	1	21	29	19	20	4	3	2	31	
6	13	1	21	29	19	20	4	3	2	10	30	
6	13	1	21	29	19	20	4	3	2	10	34	
6	13	1	21	29	19	20	4	3	2	10	12	
6	13	1	21	29	19	20	4	3	2	10	24	
6	13	1	21	29	19	20	4	3	2	10	11	
6	13	1	21	29	19	20	4	3	2	10	30	33	
6	13	1	21	29	19	20	4	3	2	10	30	31	
6	13	1	21	29	19	20	4	3	2	10	30	31	34	
6	13	1	21	29	19	20	4	3	2	10	30	31	12	
6	13	1	21	29	19	20	4	3	2	10	30	31	24	
6	13	1	21	29	19	20	4	3	2	10	30	31	11	
6	13	1	21	29	19	20	4	3	2	10	30	31	24	34	
6	13	1	21	29	19	20	4	3	2	10	30	31	24	9	
6	13	1	21	29	19	20	4	3	2	10	30	31	24	34	12	
6	13	1	21	29	19	20	4	3	2	10	30	31	24	34	11	
6	13	1	11	33	
6	13	1	11	3	
6	13	1	11	12	
6	13	1	11	33	4	
6	13	1	11	33	21	
6	13	1	11	33	31	
6	13	1	11	33	24	
6	13	1	11	33	2	
6	13	1	21	29	19	20	4	3	11	12	
6	13	1	21	29	19	20	4	3	11	10	
6	13	1	21	29	19	20	4	3	11	33	
6	13	1	21	29	19	20	4	3	11	31	
6	13	1	21	29	19	20	4	3	11	10	2	
6	13	1	21	29	19	20	4	3	11	10	34	
6	13	1	21	29	19	20	4	3	11	10	30	
6	13	1	21	29	19	20	4	3	11	10	24	
6	13	1	21	29	11	12	
6	13	1	21	29	11	33	
6	13	1	21	29	11	3	
6	13	1	21	29	11	2	
6	13	1	21	29	11	12	4	
6	13	1	21	29	11	12	20	
6	13	1	21	29	11	12	31	
6	13	1	21	29	11	12	19	
6	13	1	21	29	11	12	20	33	
6	13	1	21	29	11	12	20	19	
6	13	1	21	29	11	12	20	3	
6	13	1	21	29	11	12	20	2	
6	13	1	21	29	11	33	4	
6	13	1	21	29	11	33	24	
6	13	1	21	29	11	33	19	
6	13	1	21	29	11	33	20	
6	13	1	21	29	11	33	31	
6	13	1	21	29	11	33	4	12	
6	13	1	21	29	11	33	4	34	
6	13	1	21	29	11	33	4	3	
6	13	1	21	29	11	33	4	31	
6	13	1	21	29	11	33	4	32	
6	13	1	21	29	11	33	4	2	
6	13	1	21	29	11	3	19	
6	13	1	21	29	11	3	4	
6	13	1	21	29	11	3	2	
6	13	1	21	29	11	3	31	
6	13	1	21	29	11	3	20	
6	13	1	21	29	11	3	19	20	
6	13	1	21	29	11	3	19	12	
6	13	1	21	29	11	3	19	33	
6	13	1	21	29	11	2	3	
6	13	1	21	29	11	2	20	
6	13	1	21	29	11	2	4	
6	13	1	21	29	11	2	19	
6	13	1	21	29	11	2	31	
6	13	1	21	29	11	2	20	33	
6	13	1	21	29	11	2	20	19	
6	13	1	21	29	11	2	20	12	
6	13	1	21	29	11	3	19	20	4	
6	13	1	21	29	11	3	19	20	2	
6	13	1	21	29	11	3	19	20	31	
6	13	1	21	29	11	3	19	20	4	12	
6	13	1	21	29	11	3	19	20	4	10	
6	13	1	21	29	11	3	19	20	4	31	
6	13	1	21	29	11	3	19	20	4	33	
6	13	1	21	29	11	3	19	20	4	12	2	
6	13	1	21	29	11	3	19	20	4	12	24	
6	13	1	21	29	11	3	19	20	4	12	34	
6	13	1	21	29	11	3	19	20	2	12	
6	13	1	21	29	11	3	19	20	2	10	
6	13	1	21	29	11	3	19	20	2	33	
6	13	1	21	29	11	3	19	20	2	10	4	
6	13	1	21	29	11	3	19	20	2	10	30	
6	13	1	21	29	11	3	19	20	2	10	31	
6	13	1	21	29	11	3	31	4	
6	13	1	21	29	11	3	31	33	
6	13	1	21	29	11	3	31	12	
6	13	1	21	29	11	3	31	10	
6	13	1	21	29	11	3	31	33	20	
6	13	1	21	29	11	3	31	33	24	
6	13	1	21	29	11	3	31	33	19	
6	13	1	21	29	11	3	31	33	2	
6	13	1	21	29	11	3	19	20	4	12	24	10	
6	13	1	21	29	11	3	19	20	4	12	24	31	
6	13	1	21	29	11	3	19	20	4	12	24	34	
6	13	1	21	29	11	3	19	20	4	12	24	30	
6	13	1	21	29	11	3	19	20	4	12	24	34	2	
6	13	1	21	29	11	3	4	31	
6	13	1	21	29	11	3	4	12	
6	13	1	21	29	11	3	4	33	
6	13	1	21	29	11	3	4	31	24	
6	13	1	21	29	11	3	4	31	19	
6	13	1	21	29	11	3	4	31	20	
6	13	1	21	29	11	3	4	31	2	
6	13	1	21	29	11	3	4	31	34	
6	13	1	21	29	11	3	31	33	2	32	
6	13	1	21	29	11	3	31	33	2	4	
6	13	1	21	29	11	3	31	33	2	34	
6	13	1	21	29	11	3	31	33	2	12	
6	13	1	21	29	11	3	31	33	2	32	19	
6	13	1	21	29	11	3	31	33	2	32	34	
6	13	1	21	29	11	3	31	33	2	32	20	
6	13	1	21	29	11	3	31	33	2	32	24	
6	13	1	21	29	11	3	2	33	
6	13	1	21	29	11	3	2	12	
6	13	1	21	29	11	3	2	33	4	
6	13	1	21	29	11	3	2	33	31	
6	13	1	21	29	11	3	2	33	24	
6	13	1	21	29	11	3	2	33	19	
6	13	1	21	29	11	3	2	33	20	
6	13	1	21	29	11	3	2	33	31	34	
6	13	1	21	29	11	3	2	33	31	12	
