3.945129514775629342e+00 2.741627143378329023e+00 2.766873403867201819e+00 3.424553082816490512e+00 3.326778547975191458e+00
6.440131338927399085e+00 8.364939802991608886e+00 8.286245895658518990e+00 9.246698285297336284e+00 8.240459686245895199e+00
3.526121853338197720e+00 3.716453848960233675e+00 3.798394746442903980e+00 5.010944910616562886e+00 4.292630426851514081e+00
7.533929222911345924e+00 8.198577161619846621e+00 6.749215614739146218e+00 7.839693542502736534e+00 7.839657059467347366e+00
5.815870120394016851e+00 6.901094491061656733e+00 8.241627143378329023e+00 7.890331995622036132e+00 6.143925574607806972e+00
5.374644290404961389e+00 6.043378329076979583e+00 7.987012039401678365e+00 7.470266326158336412e+00 6.619627873039036992e+00
6.842685151404596766e+00 8.242429770156876501e+00 6.666143743159430812e+00 7.426778547975191103e+00 6.169609631521342230e+00
3.378073695731484971e+00 6.925574607807369887e+00 5.791608901860635150e+00 7.512075884713608431e+00 9.201714702663261747e+00
4.480372126960963541e+00 8.563662896753010401e+00 1.018620941262313018e+01 6.958117475373951422e+00 1.037066763954761051e+01
6.335133163079167851e+00 5.951185698650127698e+00 5.903356439255746047e+00 7.762495439620576754e+00 5.276067128785115301e+00
3.006457497263772538e+00 4.595986866107260482e+00 5.171068952936884067e+00 5.486829624224735191e+00 5.481211236774899298e+00
5.528858080992338664e+00 7.399087924115286263e+00 5.938489602334914075e+00 5.161473914629697290e+00 7.160087559284932901e+00
5.292302079533016901e+00 6.956840569135351871e+00 7.057351331630791869e+00 6.536446552353155859e+00 7.285552717986136351e+00
7.607223641006931381e+00 7.670667639547610328e+00 7.530353885443268780e+00 8.161692812842028744e+00 6.795220722364100574e+00
5.617183509668004504e+00 6.618642831083546341e+00 4.805071141919007971e+00 8.019773805180591353e+00 7.116161984677125574e+00
4.872929587741699820e+00 7.338234221087194697e+00 4.259759211966435366e+00 7.023385625684056777e+00 8.250346588836190875e+00
7.851951842393287251e+00 7.951076249543961971e+00 8.215322874863188574e+00 7.326924480116745464e+00 8.776286026997446754e+00
4.183254286756658225e+00 5.159759211966435721e+00 4.034512951477562837e+00 6.474097044874133289e+00 5.859576796789492725e+00
7.781247719810288288e+00 7.965596497628602890e+00 7.834111638088288920e+00 6.970302809193724691e+00 8.126851514045968727e+00
7.240860999635169826e+00 5.210908427581174784e+00 5.368770521707405763e+00 6.172126960963152165e+00 7.747026632615833464e+00
5.520831813206858563e+00 4.602152499087924120e+00 6.977380518059102421e+00 6.000510762495439465e+00 7.345421379058737266e+00
6.979131703757752270e+00 5.934257570229843459e+00 8.151623495074790782e+00 6.906676395476103458e+00 7.486537759941627179e+00
7.551331630791682237e+00 7.776504925209777319e+00 6.974644290404961922e+00 6.317694272163444147e+00 7.846333454943451358e+00
7.699160890186063533e+00 7.186245895658518457e+00 7.284494709959868253e+00 6.271506749361546618e+00 6.306165632980664348e+00
7.130244436337103586e+00 5.578475009120758443e+00 6.986939073330900918e+00 7.573805180591024921e+00 7.486245895658519167e+00
8.039730025538124991e+00 7.584202845676760063e+00 6.908938343670193660e+00 8.703101058008027024e+00 5.880335643925574729e+00
5.974315943086464742e+00 8.713279824881430713e+00 8.651842393287122235e+00 8.863261583363735596e+00 8.286610726012403561e+00
7.165377599416271615e+00 7.584458226924479796e+00 8.646114556731120615e+00 7.493578985771616630e+00 6.872418825246260354e+00
4.016599781101787947e+00 5.454432688799708551e+00 7.751587012039401259e+00 9.506019700839109632e+00 7.254906968259759559e+00
8.175191535935789844e+00 7.447573878146661386e+00 7.227143378329077272e+00 7.059649762860270350e+00 7.869427216344400122e+00
